T0001,94.611077
T0002,94.611077
T0003,94.611077
T0004,94.611077
T0005,94.611077
T0006,94.611077
T0007,94.611077
T0008,94.611077
T0009,94.611077
T0010,94.611077
T0011,94.611077
T0012,94.611077
T0013,94.611077
T0014,94.611077
T0015,94.611077
T0016,94.611077
T0017,94.611077
T0018,94.611077
T0019,94.611077
T0020,94.611077
T0021,94.611077
T0022,94.611077
T0023,94.611077
T0024,94.611077
T0025,94.611077
T0026,94.611077
T0027,94.611077
T0028,94.611077
T0029,94.611077
T0030,94.611077
T0031,94.611077
T0032,94.611077
T0033,94.611077
T0034,94.611077
T0035,94.611077
T0036,94.611077
T0037,94.611077
T0038,94.611077
T0039,94.611077
T0040,94.611077
T0041,94.611077
T0042,94.611077
T0043,94.611077
T0044,94.611077
T0045,94.611077
T0046,94.611077
T0047,94.611077
T0048,94.611077
T0049,94.611077
T0050,94.611077
T0051,94.611077
T0052,94.611077
T0053,94.611077
T0054,94.611077
T0055,94.611077
T0056,94.611077
T0057,94.611077
T0058,94.611077
T0059,94.611077
T0060,94.611077
T0061,94.611077
T0062,94.611077
T0063,94.611077
T0064,94.611077
T0065,94.611077
T0066,94.611077
T0067,94.611077
T0068,94.611077
T0069,94.611077
T0070,94.611077
T0071,94.611077
T0072,94.611077
T0073,94.611077
T0074,94.611077
T0075,94.611077
T0076,94.611077
T0077,94.611077
T0078,94.611077
T0079,94.611077
T0080,94.611077
T0081,94.611077
T0082,94.611077
T0083,94.611077
T0084,94.611077
T0085,94.611077
T0086,94.611077
T0087,94.611077
T0088,94.611077
T0089,94.611077
T0090,94.611077
T0091,94.611077
T0092,94.611077
T0093,94.611077
T0094,94.611077
T0095,94.611077
T0096,94.611077
T0097,94.611077
T0098,94.611077
T0099,94.611077
T0100,94.611077
T0101,94.611077
T0102,94.611077
T0103,94.611077
T0104,94.611077
T0105,94.611077
T0106,94.611077
T0107,94.611077
T0108,94.611077
T0109,94.611077
T0110,94.611077
T0111,94.611077
T0112,94.611077
T0113,94.611077
T0114,94.611077
T0115,94.611077
T0116,94.611077
T0117,94.611077
T0118,94.611077
T0119,94.611077
T0120,94.611077
T0121,94.611077
T0122,94.611077
T0123,94.611077
T0124,94.611077
T0125,94.611077
T0126,94.611077
T0127,94.611077
T0128,94.611077
T0129,94.611077
T0130,94.611077
T0131,94.611077
T0132,94.611077
T0133,94.611077
T0134,94.611077
T0135,94.611077
T0136,94.611077
T0137,94.611077
T0138,94.611077
T0139,94.611077
T0140,94.611077
T0141,94.611077
T0142,94.611077
T0143,94.611077
T0144,94.611077
T0145,94.611077
T0146,94.611077
T0147,94.611077
T0148,94.611077
T0149,94.611077
T0150,94.611077
T0151,94.611077
T0152,94.611077
T0153,94.611077
T0154,94.611077
T0155,94.611077
T0156,94.611077
T0157,94.611077
T0158,94.611077
T0159,94.611077
T0160,94.611077
T0161,94.611077
T0162,94.611077
T0163,94.611077
T0164,94.611077
T0165,94.611077
T0166,94.611077
T0167,94.611077
T0168,94.611077
T0169,94.611077
T0170,94.611077
T0171,94.611077
T0172,94.611077
T0173,94.611077
T0174,94.611077
T0175,94.611077
T0176,94.611077
T0177,94.611077
T0178,94.611077
T0179,94.611077
T0180,94.611077
T0181,94.611077
T0182,94.611077
T0183,94.611077
T0184,94.611077
T0185,94.611077
T0186,94.611077
T0187,94.611077
T0188,94.611077
T0189,94.611077
T0190,94.611077
T0191,94.611077
T0192,94.611077
T0193,94.611077
T0194,94.611077
T0195,94.611077
T0196,94.611077
T0197,94.611077
T0198,94.611077
T0199,94.611077
T0200,94.611077
T0201,94.611077
T0202,94.611077
T0203,94.611077
T0204,94.611077
T0205,94.611077
T0206,94.611077
T0207,94.611077
T0208,94.611077
T0209,94.611077
T0210,94.611077
T0211,94.611077
T0212,94.611077
T0213,94.611077
T0214,94.611077
T0215,94.611077
T0216,94.611077
T0217,94.611077
T0218,94.611077
T0219,94.611077
T0220,94.611077
T0221,94.611077
T0222,94.611077
T0223,94.611077
T0224,94.611077
T0225,94.611077
T0226,94.611077
T0227,94.611077
T0228,94.611077
T0229,94.611077
T0230,94.611077
T0231,94.611077
T0232,94.611077
T0233,94.611077
T0234,94.611077
T0235,94.611077
T0236,94.611077
T0237,94.611077
T0238,94.611077
T0239,94.611077
T0240,94.611077
T0241,94.611077
T0242,94.611077
T0243,94.611077
T0244,94.611077
T0245,94.611077
T0246,94.611077
T0247,94.611077
T0248,94.611077
T0249,94.611077
T0250,94.611077
T0251,94.611077
T0252,94.611077
T0253,94.611077
T0254,94.611077
T0255,94.611077
T0256,94.611077
T0257,94.611077
T0258,94.611077
T0259,94.611077
T0260,94.611077
T0261,94.611077
T0262,94.611077
T0263,94.611077
T0264,94.611077
T0265,94.611077
T0266,94.611077
T0267,94.611077
T0268,94.611077
T0269,94.611077
T0270,94.611077
T0271,94.611077
T0272,94.611077
T0273,94.611077
T0274,94.611077
T0275,94.611077
T0276,94.611077
T0277,94.611077
T0278,94.611077
T0279,94.611077
T0280,94.611077
T0281,94.611077
T0282,94.611077
T0283,94.611077
T0284,94.611077
T0285,94.611077
T0286,94.611077
T0287,94.611077
T0288,94.611077
T0289,94.611077
T0290,94.611077
T0291,94.611077
T0292,94.611077
T0293,94.611077
T0294,94.611077
T0295,94.611077
T0296,94.611077
T0297,94.611077
T0298,94.611077
T0299,94.611077
T0300,94.611077
T0301,94.611077
T0302,94.611077
T0303,94.611077
T0304,94.611077
T0305,94.611077
T0306,94.611077
T0307,94.611077
T0308,94.611077
T0309,94.611077
T0310,94.611077
T0311,94.611077
T0312,94.611077
T0313,94.611077
T0314,94.611077
T0315,94.611077
T0316,94.611077
T0317,94.611077
T0318,94.611077
T0319,94.611077
T0320,94.611077
T0321,94.611077
T0322,94.611077
T0323,94.611077
T0324,94.611077
T0325,94.611077
T0326,94.611077
T0327,94.611077
T0328,94.611077
T0329,94.611077
T0330,94.611077
T0331,94.611077
T0332,94.611077
T0333,94.611077
T0334,94.611077
T0335,94.611077
T0336,94.611077
T0337,94.611077
T0338,94.611077
T0339,94.611077
T0340,94.611077
T0341,94.611077
T0342,94.611077
T0343,94.611077
T0344,94.611077
T0345,94.611077
T0346,94.611077
T0347,94.611077
T0348,94.611077
T0349,94.611077
T0350,94.611077
T0351,94.611077
T0352,94.611077
T0353,94.611077
T0354,94.611077
T0355,94.611077
T0356,94.611077
T0357,94.611077
T0358,94.611077
T0359,94.611077
T0360,94.611077
T0361,94.611077
T0362,94.611077
T0363,94.611077
T0364,94.611077
T0365,94.611077
T0366,94.611077
T0367,94.611077
T0368,94.611077
T0369,94.611077
T0370,94.611077
T0371,94.611077
T0372,94.611077
T0373,94.611077
T0374,94.611077
T0375,94.611077
T0376,94.611077
T0377,94.611077
T0378,94.611077
T0379,94.611077
T0380,94.611077
T0381,94.611077
T0382,94.611077
T0383,94.611077
T0384,94.611077
T0385,94.611077
T0386,94.611077
T0387,94.611077
T0388,94.611077
T0389,94.611077
T0390,94.611077
T0391,94.611077
T0392,94.611077
T0393,94.611077
T0394,94.611077
T0395,94.611077
T0396,94.611077
T0397,94.611077
T0398,94.611077
T0399,94.611077
T0400,94.611077
T0401,94.611077
T0402,94.611077
T0403,94.611077
T0404,94.611077
T0405,94.611077
T0406,94.611077
T0407,94.611077
T0408,94.611077
T0409,94.611077
T0410,94.611077
T0411,94.611077
T0412,94.611077
T0413,94.611077
T0414,94.611077
T0415,94.611077
T0416,94.611077
T0417,94.611077
T0418,94.611077
T0419,94.611077
T0420,94.611077
T0421,94.611077
T0422,94.611077
T0423,94.611077
T0424,94.611077
T0425,94.611077
T0426,94.611077
T0427,94.611077
T0428,94.611077
T0429,94.611077
T0430,94.611077
T0431,94.611077
T0432,94.611077
T0433,94.611077
T0434,94.611077
T0435,94.611077
T0436,94.611077
T0437,94.611077
T0438,94.611077
T0439,94.611077
T0440,94.611077
T0441,94.611077
T0442,94.611077
T0443,94.611077
T0444,94.611077
T0445,94.611077
T0446,94.611077
T0447,94.611077
T0448,94.611077
T0449,94.611077
T0450,94.611077
T0451,94.611077
T0452,94.611077
T0453,94.611077
T0454,94.611077
T0455,94.611077
T0456,94.611077
T0457,94.611077
T0458,94.611077
T0459,94.611077
T0460,94.611077
T0461,94.611077
T0462,94.611077
T0463,0.000000
T0464,0.000000
T0465,0.000000
T0466,94.611077
T0467,94.611077
T0468,94.611077
T0469,94.611077
T0470,94.611077
T0471,94.611077
T0472,94.611077
T0473,94.611077
T0474,94.611077
T0475,94.611077
T0476,94.611077
T0477,94.611077
T0478,94.611077
T0479,94.611077
T0480,94.611077
T0481,94.611077
T0482,94.611077
T0483,94.611077
T0484,94.611077
T0485,94.611077
T0486,94.611077
T0487,94.611077
T0488,94.611077
T0489,94.611077
T0490,94.611077
T0491,94.611077
T0492,94.611077
T0493,94.611077
T0494,94.611077
T0495,94.611077
T0496,94.611077
T0497,94.611077
T0498,94.611077
T0499,94.611077
T0500,94.611077
T0501,94.611077
T0502,94.611077
T0503,94.611077
T0504,94.611077
T0505,94.611077
T0506,94.611077
T0507,94.611077
T0508,94.611077
T0509,94.611077
T0510,94.611077
T0511,94.611077
T0512,0.000000
T0513,94.611077
T0514,94.611077
T0515,94.611077
T0516,94.611077
T0517,94.611077
T0518,94.611077
T0519,94.611077
T0520,0.000000
T0521,0.000000
T0522,0.000000
T0523,0.000000
T0524,94.611077
T0525,94.611077
T0526,94.611077
T0527,94.611077
T0528,94.611077
T0529,94.611077
T0530,94.611077
T0531,94.611077
T0532,94.611077
T0533,94.611077
T0534,94.611077
T0535,0.000000
T0536,0.000000
T0537,0.000000
T0538,0.000000
T0539,0.000000
T0540,94.611077
T0541,94.611077
T0542,94.611077
T0543,94.611077
T0544,94.611077
T0545,94.611077
T0546,94.611077
T0547,94.611077
T0548,94.611077
T0549,94.611077
T0550,94.611077
T0551,94.611077
T0552,94.611077
T0553,94.611077
T0554,94.611077
T0555,94.611077
T0556,94.611077
T0557,94.611077
T0558,94.611077
T0559,94.611077
T0560,94.611077
T0561,94.611077
T0562,94.611077
T0563,94.611077
T0564,94.611077
T0565,94.611077
T0566,94.611077
T0567,94.611077
T0568,94.611077
T0569,94.611077
T0570,94.611077
T0571,94.611077
T0572,94.611077
T0573,94.611077
T0574,94.611077
T0575,94.611077
T0576,94.611077
T0577,94.611077
T0578,94.611077
T0579,94.611077
T0580,94.611077
T0581,94.611077
T0582,94.611077
T0583,94.611077
T0584,94.611077
T0585,94.611077
T0586,94.611077
T0587,94.611077
T0588,94.611077
T0589,94.611077
T0590,94.611077
T0591,94.611077
T0592,94.611077
T0593,94.611077
T0594,94.611077
T0595,94.611077
T0596,94.611077
T0597,94.611077
T0598,94.611077
T0599,94.611077
T0600,94.611077
T0601,94.611077
T0602,94.611077
T0603,94.611077
T0604,94.611077
T0605,94.611077
T0606,94.611077
T0607,94.611077
T0608,94.611077
T0609,94.611077
T0610,94.611077
T0611,94.611077
T0612,94.611077
T0613,94.611077
T0614,94.611077
T0615,94.611077
T0616,94.611077
T0617,94.611077
T0618,94.611077
T0619,94.611077
T0620,94.611077
T0621,94.611077
T0622,94.611077
T0623,94.611077
T0624,94.611077
T0625,94.611077
T0626,94.611077
T0627,94.611077
T0628,94.611077
T0629,94.611077
T0630,94.611077
T0631,94.611077
T0632,94.611077
T0633,94.611077
T0634,94.611077
T0635,94.611077
T0636,94.611077
T0637,94.611077
T0638,94.611077
T0639,94.611077
T0640,94.611077
T0641,94.611077
T0642,94.611077
T0643,94.611077
T0644,94.611077
T0645,94.611077
T0646,94.611077
T0647,94.611077
T0648,94.611077
T0649,94.611077
T0650,94.611077
T0651,94.611077
T0652,94.611077
T0653,94.611077
T0654,94.611077
T0655,94.611077
T0656,94.611077
T0657,94.611077
T0658,94.611077
T0659,94.611077
T0660,94.611077
T0661,94.611077
T0662,94.611077
T0663,94.611077
T0664,94.611077
T0665,94.611077
T0666,94.611077
T0667,94.611077
T0668,94.611077
T0669,94.611077
T0670,94.611077
T0671,94.611077
T0672,94.611077
T0673,94.611077
T0674,94.611077
T0675,94.611077
T0676,94.611077
T0677,94.611077
T0678,94.611077
T0679,94.611077
T0680,94.611077
T0681,94.611077
T0682,94.611077
T0683,94.611077
T0684,94.611077
T0685,94.611077
T0686,94.611077
T0687,94.611077
T0688,94.611077
T0689,94.611077
T0690,94.611077
T0691,94.611077
T0692,94.611077
T0693,94.611077
T0694,94.611077
T0695,94.611077
T0696,94.611077
T0697,94.611077
T0698,94.611077
T0699,94.611077
T0700,94.611077
T0701,94.611077
T0702,94.611077
T0703,94.611077
T0704,94.611077
T0705,94.611077
T0706,94.611077
T0707,94.611077
T0708,94.611077
T0709,94.611077
T0710,94.611077
T0711,94.611077
T0712,94.611077
T0713,94.611077
T0714,94.611077
T0715,94.611077
T0716,94.611077
T0717,94.611077
T0718,94.611077
T0719,94.611077
T0720,94.611077
T0721,94.611077
T0722,94.611077
T0723,94.611077
T0724,94.611077
T0725,94.611077
T0726,94.611077
T0727,94.611077
T0728,94.611077
T0729,94.611077
T0730,94.611077
T0731,94.611077
T0732,94.611077
T0733,94.611077
T0734,94.611077
T0735,94.611077
T0736,94.611077
T0737,94.611077
T0738,94.611077
T0739,94.611077
T0740,94.611077
T0741,94.611077
T0742,94.611077
T0743,94.611077
T0744,94.611077
T0745,94.611077
T0746,94.611077
T0747,94.611077
T0748,94.611077
T0749,94.611077
T0750,94.611077
T0751,94.611077
T0752,94.611077
T0753,94.611077
T0754,94.611077
T0755,94.611077
T0756,94.611077
T0757,94.611077
T0758,94.611077
T0759,94.611077
T0760,94.611077
T0761,94.611077
T0762,94.611077
T0763,94.611077
T0764,94.611077
T0765,94.611077
T0766,94.611077
T0767,94.611077
T0768,94.611077
T0769,94.611077
T0770,94.611077
T0771,94.611077
T0772,94.611077
T0773,94.611077
T0774,94.611077
T0775,94.611077
T0776,94.611077
T0777,94.611077
T0778,94.611077
T0779,94.611077
T0780,94.611077
T0781,94.611077
T0782,94.611077
T0783,94.611077
T0784,94.611077
T0785,94.611077
T0786,94.611077
T0787,94.611077
T0788,94.611077
T0789,94.611077
T0790,94.611077
T0791,94.611077
T0792,94.611077
T0793,94.611077
T0794,94.611077
T0795,94.611077
T0796,94.611077
T0797,94.611077
T0798,94.611077
T0799,94.611077
T0800,94.611077
T0801,94.611077
T0802,94.611077
T0803,94.611077
T0804,94.611077
T0805,94.611077
T0806,94.611077
T0807,94.611077
T0808,94.611077
T0809,94.611077
T0810,94.611077
T0811,94.611077
T0812,94.611077
T0813,94.611077
T0814,94.611077
T0815,94.611077
T0816,94.611077
T0817,94.611077
T0818,94.611077
T0819,94.611077
T0820,94.611077
T0821,94.611077
T0822,94.611077
T0823,94.611077
T0824,94.611077
T0825,94.611077
T0826,94.611077
T0827,94.611077
T0828,94.611077
T0829,94.611077
T0830,94.611077
T0831,94.611077
T0832,94.611077
T0833,94.611077
T0834,94.611077
T0835,94.611077
T0836,94.611077
T0837,94.611077
T0838,94.611077
T0839,94.611077
T0840,94.611077
T0841,94.611077
T0842,94.611077
T0843,94.611077
T0844,94.611077
T0845,94.611077
T0846,94.611077
T0847,94.611077
T0848,94.611077
T0849,94.611077
T0850,94.611077
T0851,94.611077
T0852,94.611077
T0853,94.611077
T0854,94.611077
T0855,94.611077
T0856,94.611077
T0857,94.611077
T0858,94.611077
T0859,94.611077
T0860,94.611077
T0861,94.611077
T0862,94.611077
T0863,94.611077
T0864,94.611077
T0865,94.611077
T0866,94.611077
T0867,94.611077
T0868,94.611077
T0869,94.611077
T0870,94.611077
T0871,94.611077
T0872,94.611077
T0873,94.611077
T0874,94.611077
T0875,94.611077
T0876,94.611077
T0877,94.611077
T0878,94.611077
T0879,94.611077
T0880,94.611077
T0881,94.611077
T0882,94.611077
T0883,94.611077
T0884,94.611077
T0885,94.611077
T0886,94.611077
T0887,94.611077
T0888,94.611077
T0889,94.611077
T0890,94.611077
T0891,94.611077
T0892,94.611077
T0893,94.611077
T0894,94.611077
T0895,94.611077
T0896,0.000000
T0897,94.611077
T0898,94.611077
T0899,94.611077
T0900,94.611077
T0901,94.611077
T0902,94.611077
T0903,94.611077
T0904,94.611077
T0905,94.611077
T0906,94.611077
T0907,94.611077
T0908,94.611077
T0909,94.611077
T0910,94.611077
T0911,94.611077
T0912,94.611077
T0913,94.611077
T0914,94.611077
T0915,94.611077
T0916,94.611077
T0917,94.611077
T0918,94.611077
T0919,94.611077
T0920,94.611077
T0921,94.611077
T0922,94.611077
T0923,94.611077
T0924,94.611077
T0925,94.611077
T0926,94.611077
T0927,94.611077
T0928,94.611077
T0929,94.611077
T0930,94.611077
T0931,94.611077
T0932,94.611077
T0933,94.611077
T0934,94.611077
T0935,94.611077
T0936,94.611077
T0937,94.611077
T0938,94.611077
T0939,94.611077
T0940,94.611077
T0941,94.611077
T0942,94.611077
T0943,94.611077
T0944,94.611077
T0945,94.611077
T0946,94.611077
T0947,94.611077
T0948,94.611077
T0949,94.611077
T0950,94.611077
T0951,94.611077
T0952,94.611077
T0953,94.611077
T0954,94.611077
T0955,94.611077
T0956,94.611077
T0957,94.611077
T0958,94.611077
T0959,94.611077
T0960,94.611077
T0961,94.611077
T0962,94.611077
T0963,94.611077
T0964,94.611077
T0965,94.611077
T0966,94.611077
T0967,94.611077
T0968,94.611077
T0969,94.611077
T0970,94.611077
T0971,94.611077
T0972,94.611077
T0973,94.611077
T0974,94.611077
T0975,94.611077
T0976,94.611077
T0977,94.611077
T0978,94.611077
T0979,94.611077
T0980,94.611077
T0981,94.611077
T0982,94.611077
T0983,94.611077
T0984,94.611077
T0985,94.611077
T0986,94.611077
T0987,94.611077
T0988,94.611077
T0989,94.611077
T0990,94.611077
T0991,94.611077
T0992,94.611077
T0993,94.611077
T0994,94.611077
T0995,94.611077
T0996,94.611077
T0997,94.611077
T0998,94.611077
T0999,94.611077
T1000,94.611077
T1001,94.611077
T1002,94.611077
T1003,94.611077
T1004,94.611077
T1005,94.611077
T1006,94.611077
T1007,94.611077
T1008,94.611077
T1009,94.611077
T1010,94.611077
T1011,94.611077
T1012,94.611077
T1013,94.611077
T1014,94.611077
T1015,94.611077
T1016,94.611077
T1017,94.611077
T1018,94.611077
T1019,94.611077
T1020,94.611077
T1021,94.611077
T1022,94.611077
T1023,94.611077
T1024,94.611077
T1025,94.611077
T1026,94.611077
T1027,94.611077
T1028,94.611077
T1029,94.611077
T1030,94.611077
T1031,94.611077
T1032,94.611077
T1033,94.611077
T1034,94.611077
T1035,94.611077
T1036,94.611077
T1037,94.611077
T1038,94.611077
T1039,94.611077
T1040,94.611077
T1041,94.611077
T1042,94.611077
T1043,94.611077
T1044,94.611077
T1045,94.611077
T1046,94.611077
T1047,94.611077
T1048,94.611077
T1049,94.611077
T1050,0.000000
T1051,94.611077
T1052,94.611077
T1053,94.611077
T1054,94.611077
T1055,94.611077
T1056,94.611077
T1057,94.611077
T1058,94.611077
T1059,94.611077
T1060,94.611077
T1061,94.611077
T1062,94.611077
T1063,94.611077
T1064,0.000000
T1065,0.000000
T1066,94.611077
T1067,94.611077
T1068,94.611077
T1069,94.611077
T1070,94.611077
T1071,94.611077
T1072,94.611077
T1073,94.611077
T1074,94.611077
T1075,94.611077
T1076,94.611077
T1077,94.611077
T1078,94.611077
T1079,94.611077
T1080,94.611077
T1081,94.611077
T1082,94.611077
T1083,94.611077
T1084,94.611077
T1085,94.611077
T1086,94.611077
T1087,94.611077
T1088,94.611077
T1089,94.611077
T1090,94.611077
T1091,94.611077
T1092,94.611077
T1093,94.611077
T1094,94.611077
T1095,94.611077
T1096,94.611077
T1097,94.611077
T1098,94.611077
T1099,94.611077
T1100,94.611077
T1101,94.611077
T1102,94.611077
T1103,94.611077
T1104,94.611077
T1105,94.611077
T1106,94.611077
T1107,94.611077
T1108,94.611077
T1109,94.611077
T1110,94.611077
T1111,94.611077
T1112,94.611077
T1113,94.611077
T1114,94.611077
T1115,94.611077
T1116,94.611077
T1117,94.611077
T1118,94.611077
T1119,94.611077
T1120,94.611077
T1121,94.611077
T1122,94.611077
T1123,94.611077
T1124,94.611077
T1125,94.611077
T1126,94.611077
T1127,94.611077
T1128,94.611077
T1129,94.611077
T1130,94.611077
T1131,94.611077
T1132,94.611077
T1133,94.611077
T1134,94.611077
T1135,94.611077
T1136,94.611077
T1137,94.611077
T1138,94.611077
T1139,94.611077
T1140,94.611077
T1141,94.611077
T1142,94.611077
T1143,94.611077
T1144,94.611077
T1145,94.611077
T1146,94.611077
T1147,94.611077
T1148,94.611077
T1149,94.611077
T1150,94.611077
T1151,94.611077
T1152,94.611077
T1153,94.611077
T1154,94.611077
T1155,94.611077
T1156,94.611077
T1157,94.611077
T1158,94.611077
T1159,94.611077
T1160,94.611077
T1161,94.611077
T1162,94.611077
T1163,94.611077
T1164,94.611077
T1165,94.611077
T1166,94.611077
T1167,94.611077
T1168,94.611077
T1169,94.611077
T1170,94.611077
T1171,94.611077
T1172,94.611077
T1173,94.611077
T1174,94.611077
T1175,94.611077
T1176,94.611077
T1177,94.611077
T1178,94.611077
T1179,94.611077
T1180,94.611077
T1181,94.611077
T1182,94.611077
T1183,94.611077
T1184,94.611077
T1185,94.611077
T1186,94.611077
T1187,94.611077
T1188,94.611077
T1189,94.611077
T1190,94.611077
T1191,94.611077
T1192,94.611077
T1193,94.611077
T1194,94.611077
T1195,94.611077
T1196,94.611077
T1197,94.611077
T1198,94.611077
T1199,94.611077
T1200,94.611077
T1201,94.611077
T1202,94.611077
T1203,94.611077
T1204,94.611077
T1205,94.611077
T1206,94.611077
T1207,94.611077
T1208,94.611077
T1209,94.611077
T1210,94.611077
T1211,94.611077
T1212,94.611077
T1213,94.611077
T1214,94.611077
T1215,94.611077
T1216,94.611077
T1217,94.611077
T1218,94.611077
T1219,94.611077
T1220,94.611077
T1221,94.611077
T1222,94.611077
T1223,94.611077
T1224,94.611077
T1225,94.611077
T1226,94.611077
T1227,94.611077
T1228,94.611077
T1229,94.611077
T1230,94.611077
T1231,94.611077
T1232,94.611077
T1233,94.611077
T1234,94.611077
T1235,94.611077
T1236,94.611077
T1237,94.611077
T1238,94.611077
T1239,94.611077
T1240,94.611077
T1241,94.611077
T1242,94.611077
T1243,94.611077
T1244,94.611077
T1245,94.611077
T1246,94.611077
T1247,94.611077
T1248,94.611077
T1249,94.611077
T1250,94.611077
T1251,94.611077
T1252,94.611077
T1253,94.611077
T1254,94.611077
T1255,94.611077
T1256,94.611077
T1257,94.611077
T1258,94.611077
T1259,94.611077
T1260,94.611077
T1261,94.611077
T1262,94.611077
T1263,94.611077
T1264,94.611077
T1265,94.611077
T1266,94.611077
T1267,94.611077
T1268,94.611077
T1269,94.611077
T1270,94.611077
T1271,94.611077
T1272,94.611077
T1273,94.611077
T1274,94.611077
T1275,94.611077
T1276,94.611077
T1277,94.611077
T1278,94.611077
T1279,94.611077
T1280,94.611077
T1281,94.611077
T1282,94.611077
T1283,94.611077
T1284,94.611077
T1285,94.611077
T1286,94.611077
T1287,94.611077
T1288,94.611077
T1289,94.611077
T1290,94.611077
T1291,94.611077
T1292,94.611077
T1293,94.611077
T1294,94.611077
T1295,94.611077
T1296,94.611077
T1297,94.611077
T1298,94.611077
T1299,94.611077
T1300,94.611077
T1301,94.611077
T1302,94.611077
T1303,94.611077
T1304,94.611077
T1305,94.611077
T1306,94.611077
T1307,94.611077
T1308,94.611077
T1309,94.611077
T1310,94.611077
T1311,94.611077
T1312,94.611077
T1313,94.611077
T1314,94.611077
T1315,94.611077
T1316,94.611077
T1317,94.611077
T1318,94.611077
T1319,94.611077
T1320,94.611077
T1321,94.611077
T1322,94.611077
T1323,94.611077
T1324,94.611077
T1325,94.611077
T1326,94.611077
T1327,94.611077
T1328,94.611077
T1329,94.611077
T1330,94.611077
T1331,94.611077
T1332,94.611077
T1333,94.611077
T1334,94.611077
T1335,94.611077
T1336,94.611077
T1337,94.611077
T1338,94.611077
T1339,94.611077
T1340,94.611077
T1341,94.611077
T1342,94.611077
T1343,94.611077
T1344,94.611077
T1345,94.611077
T1346,94.611077
T1347,94.611077
T1348,94.611077
T1349,94.611077
T1350,94.611077
T1351,94.611077
T1352,94.611077
T1353,94.611077
T1354,94.611077
T1355,94.611077
T1356,94.611077
T1357,94.611077
T1358,94.611077
T1359,94.611077
T1360,94.611077
T1361,94.611077
T1362,94.611077
T1363,94.611077
T1364,94.611077
T1365,94.611077
T1366,94.611077
T1367,94.611077
T1368,94.611077
T1369,94.611077
T1370,94.611077
T1371,94.611077
T1372,94.611077
T1373,94.611077
T1374,94.611077
T1375,0.000000
T1376,0.000000
T1377,0.000000
T1378,0.000000
T1379,94.611077
T1380,94.611077
T1381,94.611077
T1382,94.611077
T1383,94.611077
T1384,94.611077
T1385,0.000000
T1386,0.000000
T1387,94.611077
T1388,94.611077
T1389,94.611077
T1390,94.611077
T1391,94.611077
T1392,94.611077
T1393,94.611077
T1394,94.611077
T1395,94.611077
T1396,94.611077
T1397,94.611077
T1398,94.611077
T1399,94.611077
T1400,0.000000
T1401,94.611077
T1402,94.611077
T1403,94.611077
T1404,94.611077
T1405,94.611077
T1406,94.611077
T1407,94.611077
T1408,94.611077
T1409,94.611077
T1410,94.611077
T1411,94.611077
T1412,94.611077
T1413,94.611077
T1414,94.611077
T1415,94.611077
T1416,94.611077
T1417,94.611077
T1418,94.611077
T1419,94.611077
T1420,94.611077
T1421,94.611077
T1422,94.611077
T1423,94.611077
T1424,94.611077
T1425,94.611077
T1426,94.611077
T1427,94.611077
T1428,94.611077
T1429,94.611077
T1430,94.611077
T1431,94.611077
T1432,94.611077
T1433,94.611077
T1434,94.611077
T1435,94.611077
T1436,94.611077
T1437,94.611077
T1438,94.611077
T1439,94.611077
T1440,94.611077
T1441,94.611077
T1442,94.611077
T1443,94.611077
T1444,94.611077
T1445,94.611077
T1446,94.611077
T1447,94.611077
T1448,94.611077
T1449,94.611077
T1450,94.611077
T1451,94.611077
T1452,94.611077
T1453,94.611077
T1454,94.611077
T1455,94.611077
T1456,94.611077
T1457,94.611077
T1458,94.611077
T1459,94.611077
T1460,94.611077
T1461,94.611077
T1462,94.611077
T1463,94.611077
T1464,94.611077
T1465,94.611077
T1466,94.611077
T1467,94.611077
T1468,94.611077
T1469,94.611077
T1470,94.611077
T1471,94.611077
T1472,94.611077
T1473,94.611077
T1474,94.611077
T1475,94.611077
T1476,94.611077
T1477,94.611077
T1478,94.611077
T1479,94.611077
T1480,94.611077
T1481,94.611077
T1482,0.000000
T1483,0.000000
T1484,94.611077
T1485,94.611077
T1486,94.611077
T1487,94.611077
T1488,94.611077
T1489,94.611077
T1490,94.611077
T1491,94.611077
T1492,94.611077
T1493,94.611077
T1494,94.611077
T1495,94.611077
T1496,0.000000
T1497,94.611077
T1498,94.611077
T1499,94.611077
T1500,94.611077
T1501,94.611077
T1502,94.611077
T1503,94.611077
T1504,94.611077
T1505,94.611077
T1506,0.000000
T1507,0.000000
T1508,94.611077
T1509,94.611077
T1510,94.611077
T1511,94.611077
T1512,94.611077
T1513,94.611077
T1514,94.611077
T1515,94.611077
T1516,94.611077
T1517,94.611077
T1518,94.611077
T1519,94.611077
T1520,0.000000
T1521,0.000000
T1522,94.611077
T1523,94.611077
T1524,94.611077
T1525,94.611077
T1526,94.611077
T1527,94.611077
T1528,94.611077
T1529,94.611077
T1530,0.000000
T1531,94.611077
T1532,94.611077
T1533,94.611077
T1534,94.611077
T1535,94.611077
T1536,94.611077
T1537,94.611077
T1538,94.611077
T1539,94.611077
T1540,94.611077
T1541,94.611077
T1542,94.611077
T1543,94.611077
T1544,94.611077
T1545,94.611077
T1546,94.611077
T1547,94.611077
T1548,94.611077
T1549,94.611077
T1550,94.611077
T1551,94.611077
T1552,94.611077
T1553,94.611077
T1554,94.611077
T1555,94.611077
T1556,94.611077
T1557,94.611077
T1558,94.611077
T1559,94.611077
T1560,94.611077
T1561,94.611077
T1562,94.611077
T1563,94.611077
T1564,94.611077
T1565,94.611077
T1566,94.611077
T1567,94.611077
T1568,94.611077
T1569,94.611077
T1570,94.611077
T1571,94.611077
T1572,94.611077
T1573,94.611077
T1574,94.611077
T1575,94.611077
T1576,94.611077
T1577,94.611077
T1578,94.611077
T1579,94.611077
T1580,94.611077
T1581,94.611077
T1582,94.611077
T1583,94.611077
T1584,94.611077
T1585,94.611077
T1586,94.611077
T1587,94.611077
T1588,94.611077
T1589,94.611077
T1590,94.611077
T1591,94.611077
T1592,94.611077
T1593,94.611077
T1594,94.611077
T1595,94.611077
T1596,94.611077
T1597,94.611077
T1598,94.611077
T1599,94.611077
T1600,94.611077
T1601,94.611077
T1602,94.611077
T1603,94.611077
T1604,94.611077
T1605,94.611077
T1606,94.611077
T1607,94.611077
T1608,94.611077
T1609,94.611077
T1610,94.611077
T1611,94.611077
T1612,94.611077
T1613,94.611077
T1614,94.611077
T1615,94.611077
T1616,94.611077
T1617,94.611077
T1618,94.611077
T1619,94.611077
T1620,94.611077
T1621,94.611077
T1622,94.611077
T1623,94.611077
T1624,94.611077
T1625,94.611077
T1626,0.000000
T1627,0.000000
T1628,94.611077
T1629,94.611077
T1630,94.611077
T1631,94.611077
T1632,94.611077
T1633,94.611077
T1634,94.611077
T1635,94.611077
T1636,94.611077
T1637,94.611077
T1638,94.611077
T1639,94.611077
T1640,94.611077
T1641,94.611077
T1642,94.611077
T1643,94.611077
T1644,94.611077
T1645,94.611077
T1646,94.611077
T1647,94.611077
T1648,94.611077
T1649,94.611077
T1650,94.611077
T1651,94.611077
T1652,94.611077
T1653,94.611077
T1654,94.611077
T1655,94.611077
T1656,94.611077
T1657,94.611077
T1658,94.611077
T1659,94.611077
T1660,94.611077
T1661,94.611077
T1662,94.611077
T1663,94.611077
T1664,94.611077
T1665,94.611077
T1666,94.611077
T1667,94.611077
T1668,94.611077
T1669,94.611077
T1670,94.611077
T1671,94.611077
T1672,94.611077
T1673,94.611077
T1674,94.611077
T1675,94.611077
T1676,94.611077
T1677,94.611077
T1678,94.611077
T1679,94.611077
T1680,94.611077
T1681,94.611077
T1682,94.611077
T1683,94.611077
T1684,94.611077
T1685,94.611077
T1686,94.611077
T1687,94.611077
T1688,94.611077
T1689,94.611077
T1690,94.611077
T1691,94.611077
T1692,94.611077
T1693,94.611077
T1694,94.611077
T1695,94.611077
T1696,94.611077
T1697,94.611077
T1698,94.611077
T1699,94.611077
T1700,94.611077
T1701,94.611077
T1702,94.611077
T1703,94.611077
T1704,94.611077
T1705,94.611077
T1706,94.611077
T1707,94.611077
T1708,94.611077
T1709,94.611077
T1710,94.611077
T1711,94.611077
T1712,94.611077
T1713,94.611077
T1714,94.611077
T1715,94.611077
T1716,94.611077
T1717,94.611077
T1718,94.611077
T1719,94.611077
T1720,94.611077
T1721,94.611077
T1722,94.611077
T1723,94.611077
T1724,94.611077
T1725,94.611077
T1726,94.611077
T1727,94.611077
T1728,94.611077
T1729,94.611077
T1730,94.611077
T1731,94.611077
T1732,94.611077
T1733,94.611077
T1734,94.611077
T1735,94.611077
T1736,94.611077
T1737,94.611077
T1738,94.611077
T1739,94.611077
T1740,94.611077
T1741,94.611077
T1742,94.611077
T1743,94.611077
T1744,94.611077
T1745,94.611077
T1746,94.611077
T1747,94.611077
T1748,94.611077
T1749,94.611077
T1750,94.611077
T1751,94.611077
T1752,94.611077
T1753,94.611077
T1754,94.611077
T1755,94.611077
T1756,94.611077
T1757,94.611077
T1758,94.611077
T1759,94.611077
T1760,94.611077
T1761,94.611077
T1762,94.611077
T1763,94.611077
T1764,94.611077
T1765,94.611077
T1766,94.611077
T1767,94.611077
T1768,94.611077
T1769,94.611077
T1770,94.611077
T1771,94.611077
T1772,94.611077
T1773,94.611077
T1774,94.611077
T1775,94.611077
T1776,94.611077
T1777,94.611077
T1778,94.611077
T1779,94.611077
T1780,94.611077
T1781,94.611077
T1782,94.611077
T1783,94.611077
T1784,94.611077
T1785,94.611077
T1786,94.611077
T1787,94.611077
T1788,94.611077
T1789,94.611077
T1790,94.611077
T1791,94.611077
T1792,94.611077
T1793,94.611077
T1794,0.000000
T1795,0.000000
T1796,94.611077
T1797,94.611077
T1798,94.611077
T1799,94.611077
T1800,94.611077
T1801,94.611077
T1802,94.611077
T1803,94.611077
T1804,94.611077
T1805,94.611077
T1806,94.611077
T1807,94.611077
T1808,94.611077
T1809,94.611077
T1810,94.611077
T1811,94.611077
T1812,94.611077
T1813,94.611077
T1814,94.611077
T1815,94.611077
T1816,94.611077
T1817,94.611077
T1818,94.611077
T1819,94.611077
T1820,94.611077
T1821,94.611077
T1822,94.611077
T1823,94.611077
T1824,94.611077
T1825,94.611077
T1826,94.611077
T1827,94.611077
T1828,94.611077
T1829,94.611077
T1830,94.611077
T1831,94.611077
T1832,94.611077
T1833,94.611077
T1834,94.611077
T1835,94.611077
T1836,94.611077
T1837,94.611077
T1838,94.611077
T1839,94.611077
T1840,94.611077
T1841,94.611077
T1842,94.611077
T1843,94.611077
T1844,94.611077
T1845,94.611077
T1846,94.611077
T1847,94.611077
T1848,94.611077
T1849,94.611077
T1850,94.611077
T1851,94.611077
T1852,94.611077
T1853,94.611077
T1854,94.611077
T1855,94.611077
T1856,94.611077
T1857,94.611077
T1858,94.611077
T1859,94.611077
T1860,94.611077
T1861,94.611077
T1862,94.611077
T1863,94.611077
T1864,94.611077
T1865,94.611077
T1866,94.611077
T1867,94.611077
T1868,94.611077
T1869,94.611077
T1870,94.611077
T1871,94.611077
T1872,94.611077
T1873,94.611077
T1874,94.611077
T1875,94.611077
T1876,94.611077
T1877,94.611077
T1878,94.611077
T1879,94.611077
T1880,94.611077
T1881,94.611077
T1882,94.611077
T1883,94.611077
T1884,94.611077
T1885,94.611077
T1886,94.611077
T1887,94.611077
T1888,94.611077
T1889,94.611077
T1890,94.611077
T1891,94.611077
T1892,94.611077
T1893,94.611077
T1894,94.611077
T1895,94.611077
T1896,94.611077
T1897,94.611077
T1898,94.611077
T1899,94.611077
T1900,94.611077
T1901,94.611077
T1902,94.611077
T1903,94.611077
T1904,94.611077
T1905,94.611077
T1906,94.611077
T1907,94.611077
T1908,94.611077
T1909,94.611077
T1910,94.611077
T1911,94.611077
T1912,94.611077
T1913,94.611077
T1914,94.611077
T1915,94.611077
T1916,94.611077
T1917,94.611077
T1918,94.611077
T1919,94.611077
T1920,94.611077
T1921,94.611077
T1922,94.611077
T1923,94.611077
T1924,94.611077
T1925,94.611077
T1926,94.611077
T1927,94.611077
T1928,94.611077
T1929,94.611077
T1930,94.611077
T1931,94.611077
T1932,94.611077
T1933,94.611077
T1934,94.611077
T1935,94.611077
T1936,94.611077
T1937,94.611077
T1938,94.611077
T1939,94.611077
T1940,94.611077
T1941,94.611077
T1942,94.611077
T1943,94.611077
T1944,94.611077
T1945,94.611077
T1946,94.611077
T1947,94.611077
T1948,94.611077
T1949,94.611077
T1950,94.611077
T1951,94.611077
T1952,94.611077
T1953,94.611077
T1954,94.611077
T1955,94.611077
T1956,94.611077
T1957,94.611077
T1958,94.611077
T1959,94.611077
T1960,94.611077
T1961,94.611077
T1962,94.611077
T1963,94.611077
T1964,94.611077
T1965,94.611077
T1966,94.611077
T1967,94.611077
T1968,94.611077
T1969,94.611077
T1970,94.611077
T1971,94.611077
T1972,94.611077
T1973,94.611077
T1974,94.611077
T1975,94.611077
T1976,94.611077
T1977,94.611077
T1978,94.611077
T1979,94.611077
T1980,94.611077
T1981,94.611077
T1982,94.611077
T1983,94.611077
T1984,94.611077
T1985,94.611077
T1986,94.611077
T1987,94.611077
T1988,94.611077
T1989,94.611077
T1990,94.611077
T1991,94.611077
T1992,94.611077
T1993,94.611077
T1994,94.611077
T1995,94.611077
T1996,94.611077
T1997,94.611077
T1998,94.611077
T1999,94.611077
T2000,94.611077
T2001,94.611077
T2002,94.611077
T2003,94.611077
T2004,94.611077
T2005,94.611077
T2006,94.611077
T2007,94.611077
T2008,94.611077
T2009,94.611077
T2010,94.611077
T2011,94.611077
T2012,94.611077
T2013,94.611077
T2014,94.611077
T2015,94.611077
T2016,94.611077
T2017,94.611077
T2018,94.611077
T2019,94.611077
T2020,94.611077
T2021,94.611077
T2022,94.611077
T2023,94.611077
T2024,94.611077
T2025,94.611077
T2026,94.611077
T2027,94.611077
T2028,94.611077
T2029,94.611077
T2030,94.611077
T2031,94.611077
T2032,94.611077
T2033,94.611077
T2034,94.611077
T2035,94.611077
T2036,94.611077
T2037,94.611077
T2038,94.611077
T2039,94.611077
T2040,94.611077
T2041,94.611077
T2042,94.611077
T2043,94.611077
T2044,94.611077
T2045,94.611077
T2046,94.611077
T2047,94.611077
T2048,94.611077
T2049,94.611077
T2050,94.611077
T2051,94.611077
T2052,94.611077
T2053,94.611077
T2054,94.611077
T2055,94.611077
T2056,94.611077
T2057,94.611077
T2058,94.611077
T2059,94.611077
T2060,94.611077
T2061,94.611077
T2062,94.611077
T2063,94.611077
T2064,94.611077
T2065,94.611077
T2066,94.611077
T2067,94.611077
T2068,94.611077
T2069,94.611077
T2070,94.611077
T2071,94.611077
T2072,94.611077
T2073,94.611077
T2074,94.611077
T2075,94.611077
T2076,94.611077
T2077,94.611077
T2078,94.611077
T2079,94.611077
T2080,94.611077
T2081,94.611077
T2082,94.611077
T2083,94.611077
T2084,94.611077
T2085,94.611077
T2086,94.611077
T2087,94.611077
T2088,94.611077
T2089,94.611077
T2090,94.611077
T2091,94.611077
T2092,94.611077
T2093,94.611077
T2094,94.611077
T2095,94.611077
T2096,94.611077
T2097,94.611077
T2098,94.611077
T2099,94.611077
T2100,94.611077
T2101,94.611077
T2102,94.611077
T2103,94.611077
T2104,94.611077
T2105,94.611077
T2106,94.611077
T2107,94.611077
T2108,94.611077
T2109,94.611077
T2110,94.611077
T2111,94.611077
T2112,94.611077
T2113,94.611077
T2114,94.611077
T2115,94.611077
T2116,94.611077
T2117,94.611077
T2118,94.611077
T2119,94.611077
T2120,94.611077
T2121,94.611077
T2122,94.611077
T2123,94.611077
T2124,94.611077
T2125,94.611077
T2126,94.611077
T2127,94.611077
T2128,94.611077
T2129,94.611077
T2130,94.611077
T2131,94.611077
T2132,94.611077
T2133,94.611077
T2134,94.611077
T2135,94.611077
T2136,94.611077
T2137,94.611077
T2138,94.611077
T2139,94.611077
T2140,94.611077
T2141,94.611077
T2142,94.611077
T2143,94.611077
T2144,94.611077
T2145,94.611077
T2146,94.611077
T2147,94.611077
T2148,94.611077
T2149,94.611077
T2150,94.611077
T2151,94.611077
T2152,94.611077
T2153,94.611077
T2154,94.611077
T2155,94.611077
T2156,94.611077
T2157,94.611077
T2158,94.611077
T2159,94.611077
T2160,94.611077
T2161,94.611077
T2162,94.611077
T2163,94.611077
T2164,94.611077
T2165,94.611077
T2166,94.611077
T2167,94.611077
T2168,94.611077
T2169,94.611077
T2170,94.611077
T2171,94.611077
T2172,94.611077
T2173,94.611077
T2174,94.611077
T2175,94.611077
T2176,94.611077
T2177,94.611077
T2178,94.611077
T2179,94.611077
T2180,94.611077
T2181,94.611077
T2182,94.611077
T2183,94.611077
T2184,94.611077
T2185,94.611077
T2186,94.611077
T2187,94.611077
T2188,94.611077
T2189,94.611077
T2190,94.611077
T2191,94.611077
T2192,94.611077
T2193,94.611077
T2194,94.611077
T2195,94.611077
T2196,94.611077
T2197,94.611077
T2198,94.611077
T2199,94.611077
T2200,94.611077
T2201,94.611077
T2202,94.611077
T2203,94.611077
T2204,94.611077
T2205,94.611077
T2206,94.611077
T2207,94.611077
T2208,94.611077
T2209,94.611077
T2210,94.611077
T2211,94.611077
T2212,94.611077
T2213,94.611077
T2214,94.611077
T2215,94.611077
T2216,94.611077
T2217,94.611077
T2218,94.611077
T2219,94.611077
T2220,94.611077
T2221,94.611077
T2222,94.611077
T2223,94.611077
T2224,94.611077
T2225,94.611077
T2226,94.611077
T2227,94.611077
T2228,94.611077
T2229,94.611077
T2230,94.611077
T2231,94.611077
T2232,94.611077
T2233,94.611077
T2234,94.611077
T2235,94.611077
T2236,94.611077
T2237,94.611077
T2238,94.611077
T2239,94.611077
T2240,94.611077
T2241,94.611077
T2242,94.611077
T2243,94.611077
T2244,94.611077
T2245,94.611077
T2246,94.611077
T2247,94.611077
T2248,94.611077
T2249,94.611077
T2250,94.611077
T2251,94.611077
T2252,94.611077
T2253,94.611077
T2254,94.611077
T2255,94.611077
T2256,94.611077
T2257,94.611077
T2258,94.611077
T2259,94.611077
T2260,94.611077
T2261,94.611077
T2262,94.611077
T2263,94.611077
T2264,94.611077
T2265,94.611077
T2266,94.611077
T2267,94.611077
T2268,94.611077
T2269,94.611077
T2270,94.611077
T2271,94.611077
T2272,94.611077
T2273,94.611077
T2274,94.611077
T2275,94.611077
T2276,94.611077
T2277,94.611077
T2278,94.611077
T2279,94.611077
T2280,94.611077
T2281,94.611077
T2282,94.611077
T2283,94.611077
T2284,94.611077
T2285,94.611077
T2286,94.611077
T2287,94.611077
T2288,94.611077
T2289,94.611077
T2290,94.611077
T2291,94.611077
T2292,94.611077
T2293,94.611077
T2294,94.611077
T2295,94.611077
T2296,94.611077
T2297,94.611077
T2298,94.611077
T2299,94.611077
T2300,94.611077
T2301,94.611077
T2302,94.611077
T2303,94.611077
T2304,94.611077
T2305,94.611077
T2306,94.611077
T2307,94.611077
T2308,94.611077
T2309,94.611077
T2310,94.611077
T2311,94.611077
T2312,94.611077
T2313,94.611077
T2314,94.611077
T2315,94.611077
T2316,94.611077
T2317,94.611077
T2318,94.611077
T2319,94.611077
T2320,94.611077
T2321,94.611077
T2322,94.611077
T2323,94.611077
T2324,94.611077
T2325,94.611077
T2326,94.611077
T2327,94.611077
T2328,94.611077
T2329,94.611077
T2330,94.611077
T2331,94.611077
T2332,94.611077
T2333,94.611077
T2334,94.611077
T2335,94.611077
T2336,94.611077
T2337,94.611077
T2338,94.611077
T2339,94.611077
T2340,94.611077
T2341,94.611077
T2342,94.611077
T2343,94.611077
T2344,94.611077
T2345,94.611077
T2346,94.611077
T2347,94.611077
T2348,94.611077
T2349,94.611077
T2350,94.611077
T2351,94.611077
T2352,94.611077
T2353,94.611077
T2354,94.611077
T2355,94.611077
T2356,94.611077
T2357,94.611077
T2358,94.611077
T2359,94.611077
T2360,94.611077
T2361,94.611077
T2362,94.611077
T2363,94.611077
T2364,94.611077
T2365,94.611077
T2366,94.611077
T2367,94.611077
T2368,94.611077
T2369,94.611077
T2370,94.611077
T2371,94.611077
T2372,94.611077
T2373,94.611077
T2374,94.611077
T2375,94.611077
T2376,94.611077
T2377,94.611077
T2378,94.611077
T2379,94.611077
T2380,94.611077
T2381,94.611077
T2382,94.611077
T2383,94.611077
T2384,94.611077
T2385,94.611077
T2386,94.611077
T2387,94.611077
T2388,94.611077
T2389,94.611077
T2390,94.611077
T2391,94.611077
T2392,94.611077
T2393,94.611077
T2394,94.611077
T2395,94.611077
T2396,94.611077
T2397,94.611077
T2398,94.611077
T2399,94.611077
T2400,94.611077
T2401,94.611077
T2402,94.611077
T2403,94.611077
T2404,94.611077
T2405,94.611077
T2406,94.611077
T2407,94.611077
T2408,94.611077
T2409,94.611077
T2410,94.611077
T2411,94.611077
T2412,94.611077
T2413,94.611077
T2414,94.611077
T2415,94.611077
T2416,94.611077
T2417,94.611077
T2418,94.611077
T2419,94.611077
T2420,94.611077
T2421,94.611077
T2422,94.611077
T2423,94.611077
T2424,94.611077
T2425,94.611077
T2426,94.611077
T2427,94.611077
T2428,94.611077
T2429,94.611077
T2430,94.611077
T2431,94.611077
T2432,94.611077
T2433,94.611077
T2434,94.611077
T2435,94.611077
T2436,94.611077
T2437,94.611077
T2438,94.611077
T2439,94.611077
T2440,94.611077
T2441,94.611077
T2442,94.611077
T2443,94.611077
T2444,94.611077
T2445,94.611077
T2446,94.611077
T2447,94.611077
T2448,94.611077
T2449,94.611077
T2450,94.611077
T2451,94.611077
T2452,94.611077
T2453,94.611077
T2454,94.611077
T2455,94.611077
T2456,94.611077
T2457,94.611077
T2458,94.611077
T2459,94.611077
T2460,94.611077
T2461,94.611077
T2462,94.611077
T2463,94.611077
T2464,94.611077
T2465,94.611077
T2466,94.611077
T2467,94.611077
T2468,94.611077
T2469,94.611077
T2470,94.611077
T2471,94.611077
T2472,94.611077
T2473,94.611077
T2474,94.611077
T2475,94.611077
T2476,94.611077
T2477,94.611077
T2478,94.611077
T2479,94.611077
T2480,94.611077
T2481,94.611077
T2482,94.611077
T2483,94.611077
T2484,94.611077
T2485,94.611077
T2486,94.611077
T2487,94.611077
T2488,94.611077
T2489,94.611077
T2490,94.611077
T2491,94.611077
T2492,94.611077
T2493,94.611077
T2494,94.611077
T2495,94.611077
T2496,94.611077
T2497,94.611077
T2498,94.611077
T2499,94.611077
T2500,94.611077
T2501,94.611077
T2502,94.611077
T2503,94.611077
T2504,94.611077
T2505,94.611077
T2506,94.611077
T2507,94.611077
T2508,94.611077
T2509,94.611077
T2510,94.611077
T2511,94.611077
T2512,94.611077
T2513,94.611077
T2514,94.611077
T2515,94.611077
T2516,94.611077
T2517,94.611077
T2518,94.611077
T2519,94.611077
T2520,94.611077
T2521,94.611077
T2522,94.611077
T2523,94.611077
T2524,94.611077
T2525,94.611077
T2526,94.611077
T2527,94.611077
T2528,94.611077
T2529,94.611077
T2530,94.611077
T2531,94.611077
T2532,94.611077
T2533,94.611077
T2534,94.611077
T2535,94.611077
T2536,94.611077
T2537,94.611077
T2538,94.611077
T2539,94.611077
T2540,94.611077
T2541,94.611077
T2542,94.611077
T2543,94.611077
T2544,94.611077
T2545,94.611077
T2546,94.611077
T2547,94.611077
T2548,94.611077
T2549,94.611077
T2550,94.611077
T2551,94.611077
T2552,94.611077
T2553,94.611077
T2554,94.611077
T2555,94.611077
T2556,94.611077
T2557,94.611077
T2558,94.611077
T2559,94.611077
T2560,94.611077
T2561,94.611077
T2562,94.611077
T2563,94.611077
T2564,94.611077
T2565,94.611077
T2566,94.611077
T2567,94.611077
T2568,94.611077
T2569,94.611077
T2570,94.611077
T2571,94.611077
T2572,94.611077
T2573,94.611077
T2574,94.611077
T2575,94.611077
T2576,94.611077
T2577,94.611077
T2578,94.611077
T2579,94.611077
T2580,94.611077
T2581,94.611077
T2582,94.611077
T2583,94.611077
T2584,94.611077
T2585,94.611077
T2586,94.611077
T2587,94.611077
T2588,94.611077
T2589,94.611077
T2590,94.611077
T2591,94.611077
T2592,94.611077
T2593,94.611077
T2594,94.611077
T2595,94.611077
T2596,94.611077
T2597,94.611077
T2598,94.611077
T2599,94.611077
T2600,94.611077
T2601,94.611077
T2602,94.611077
T2603,94.611077
T2604,94.611077
T2605,94.611077
T2606,94.611077
T2607,94.611077
T2608,94.611077
T2609,94.611077
T2610,94.611077
T2611,94.611077
T2612,94.611077
T2613,94.611077
T2614,94.611077
T2615,94.611077
T2616,94.611077
T2617,94.611077
T2618,94.611077
T2619,94.611077
T2620,94.611077
T2621,94.611077
T2622,94.611077
T2623,94.611077
T2624,94.611077
T2625,94.611077
T2626,94.611077
T2627,94.611077
T2628,94.611077
T2629,94.611077
T2630,94.611077
T2631,94.611077
T2632,94.611077
T2633,94.611077
T2634,94.611077
T2635,94.611077
T2636,94.611077
T2637,94.611077
T2638,94.611077
T2639,94.611077
T2640,94.611077
T2641,94.611077
T2642,94.611077
T2643,94.611077
T2644,94.611077
T2645,94.611077
T2646,94.611077
T2647,94.611077
T2648,94.611077
T2649,94.611077
T2650,94.611077
T2651,94.611077
T2652,94.611077
T2653,94.611077
T2654,94.611077
T2655,94.611077
T2656,94.611077
T2657,94.611077
T2658,94.611077
T2659,94.611077
T2660,94.611077
T2661,94.611077
T2662,94.611077
T2663,94.611077
T2664,94.611077
T2665,94.611077
T2666,94.611077
T2667,94.611077
T2668,94.611077
T2669,94.611077
T2670,94.611077
T2671,94.611077
T2672,94.611077
T2673,94.611077
T2674,94.611077
T2675,94.611077
T2676,94.611077
T2677,94.611077
T2678,94.611077
T2679,94.611077
T2680,94.611077
T2681,94.611077
T2682,94.611077
T2683,94.611077
T2684,94.611077
T2685,94.611077
T2686,94.611077
T2687,94.611077
T2688,94.611077
T2689,94.611077
T2690,94.611077
T2691,94.611077
T2692,94.611077
T2693,94.611077
T2694,94.611077
T2695,94.611077
T2696,94.611077
T2697,94.611077
T2698,94.611077
T2699,94.611077
T2700,94.611077
T2701,94.611077
T2702,94.611077
T2703,94.611077
T2704,94.611077
T2705,94.611077
T2706,94.611077
T2707,94.611077
T2708,94.611077
T2709,94.611077
T2710,94.611077
T2711,94.611077
T2712,94.611077
T2713,94.611077
T2714,94.611077
T2715,94.611077
T2716,94.611077
T2717,94.611077
T2718,94.611077
T2719,94.611077
T2720,94.611077
T2721,94.611077
T2722,94.611077
T2723,94.611077
T2724,94.611077
T2725,94.611077
T2726,94.611077
T2727,94.611077
T2728,94.611077
T2729,94.611077
T2730,94.611077
T2731,94.611077
T2732,94.611077
T2733,94.611077
T2734,94.611077
T2735,94.611077
T2736,94.611077
T2737,94.611077
T2738,94.611077
T2739,94.611077
T2740,94.611077
T2741,94.611077
T2742,94.611077
T2743,94.611077
T2744,94.611077
T2745,94.611077
T2746,94.611077
T2747,94.611077
T2748,94.611077
T2749,94.611077
T2750,94.611077
T2751,94.611077
T2752,94.611077
T2753,94.611077
T2754,94.611077
T2755,94.611077
T2756,94.611077
T2757,94.611077
T2758,94.611077
T2759,94.611077
T2760,94.611077
T2761,94.611077
T2762,94.611077
T2763,94.611077
T2764,94.611077
T2765,94.611077
T2766,94.611077
T2767,94.611077
T2768,94.611077
T2769,94.611077
T2770,94.611077
T2771,94.611077
T2772,94.611077
T2773,94.611077
T2774,94.611077
T2775,94.611077
T2776,94.611077
T2777,94.611077
T2778,94.611077
T2779,94.611077
T2780,94.611077
T2781,94.611077
T2782,94.611077
T2783,94.611077
T2784,94.611077
T2785,94.611077
T2786,94.611077
T2787,94.611077
T2788,94.611077
T2789,94.611077
T2790,94.611077
T2791,94.611077
T2792,94.611077
T2793,94.611077
T2794,94.611077
T2795,94.297297
T2796,94.297297
T2797,94.297297
T2798,94.297297
T2799,94.297297
T2800,94.297297
T2801,94.297297
T2802,94.297297
T2803,94.297297
T2804,94.297297
T2805,94.297297
T2806,94.297297
T2807,94.297297
T2808,94.297297
T2809,94.297297
T2810,94.297297
T2811,94.297297
T2812,94.297297
T2813,94.297297
T2814,94.297297
T2815,94.297297
T2816,94.297297
T2817,94.297297
T2818,94.297297
T2819,94.297297
T2820,94.297297
T2821,94.297297
T2822,94.297297
T2823,94.297297
T2824,94.297297
T2825,94.297297
T2826,94.297297
T2827,94.297297
T2828,94.297297
T2829,94.297297
T2830,94.297297
T2831,94.297297
T2832,94.297297
T2833,94.297297
T2834,94.297297
T2835,94.297297
T2836,94.297297
T2837,94.297297
T2838,94.297297
T2839,94.297297
T2840,94.297297
T2841,94.297297
T2842,94.297297
T2843,94.297297
T2844,94.297297
T2845,94.297297
T2846,94.297297
T2847,94.297297
T2848,94.297297
T2849,94.297297
T2850,94.297297
T2851,94.297297
T2852,94.297297
T2853,94.297297
T2854,94.297297
T2855,94.297297
T2856,94.297297
T2857,94.297297
T2858,94.297297
T2859,94.297297
T2860,94.297297
T2861,94.297297
T2862,94.297297
T2863,94.297297
T2864,94.297297
T2865,94.297297
T2866,94.297297
T2867,94.297297
T2868,94.297297
T2869,94.297297
T2870,94.297297
T2871,94.297297
T2872,94.297297
T2873,94.297297
T2874,94.297297
T2875,94.297297
T2876,94.297297
T2877,94.297297
T2878,94.297297
T2879,94.297297
T2880,94.297297
T2881,94.297297
T2882,94.297297
T2883,94.297297
T2884,94.297297
T2885,94.297297
T2886,94.297297
T2887,94.297297
T2888,94.297297
T2889,94.297297
T2890,94.297297
T2891,94.297297
T2892,94.297297
T2893,94.297297
T2894,94.297297
T2895,94.297297
T2896,94.297297
T2897,94.297297
T2898,94.297297
T2899,94.297297
T2900,94.297297
T2901,94.297297
T2902,94.297297
T2903,94.297297
T2904,94.297297
T2905,94.297297
T2906,94.297297
T2907,94.297297
T2908,94.297297
T2909,94.297297
T2910,94.297297
T2911,94.297297
T2912,94.297297
T2913,94.297297
T2914,94.297297
T2915,94.297297
T2916,94.297297
T2917,94.297297
T2918,94.297297
T2919,94.297297
T2920,94.297297
T2921,94.611077
T2922,94.611077
T2923,94.611077
T2924,94.611077
T2925,94.611077
T2926,94.611077
T2927,94.611077
T2928,94.611077
T2929,94.611077
T2930,94.611077
T2931,94.611077
T2932,94.611077
T2933,94.611077
T2934,94.611077
T2935,94.611077
T2936,94.611077
T2937,94.611077
T2938,94.611077
T2939,94.611077
T2940,94.611077
T2941,94.611077
T2942,94.611077
T2943,94.611077
T2944,94.611077
T2945,94.611077
T2946,94.611077
T2947,94.611077
T2948,94.611077
T2949,94.611077
T2950,94.611077
T2951,94.611077
T2952,94.611077
T2953,94.611077
T2954,94.611077
T2955,94.611077
T2956,94.611077
T2957,94.611077
T2958,94.611077
T2959,0.000000
T2960,94.611077
T2961,94.611077
T2962,94.611077
T2963,94.611077
T2964,94.611077
T2965,94.611077
T2966,94.611077
T2967,94.611077
T2968,94.611077
T2969,94.611077
T2970,94.611077
T2971,94.611077
T2972,94.611077
T2973,94.611077
T2974,94.611077
T2975,94.611077
T2976,94.611077
T2977,94.611077
T2978,94.611077
T2979,94.611077
T2980,94.611077
T2981,94.611077
T2982,94.611077
T2983,94.611077
T2984,94.611077
T2985,94.611077
T2986,94.611077
T2987,94.611077
T2988,94.611077
T2989,94.611077
T2990,94.611077
T2991,94.611077
T2992,94.611077
T2993,94.611077
T2994,94.611077
T2995,94.611077
T2996,94.611077
T2997,94.611077
T2998,94.611077
T2999,94.611077
T3000,94.611077
T3001,94.611077
T3002,94.611077
T3003,94.611077
T3004,94.611077
T3005,94.611077
T3006,94.611077
T3007,94.611077
T3008,94.611077
T3009,94.611077
T3010,94.611077
T3011,94.611077
T3012,94.611077
T3013,94.611077
T3014,94.611077
T3015,94.611077
T3016,94.611077
T3017,94.611077
T3018,94.611077
T3019,94.611077
T3020,94.611077
T3021,94.611077
T3022,94.611077
T3023,94.611077
T3024,94.611077
T3025,94.611077
T3026,94.611077
T3027,94.611077
T3028,94.611077
T3029,94.611077
T3030,94.611077
T3031,94.611077
T3032,94.611077
T3033,94.611077
T3034,94.611077
T3035,94.611077
T3036,94.611077
T3037,94.611077
T3038,94.611077
T3039,94.611077
T3040,94.611077
T3041,94.611077
T3042,94.611077
T3043,94.611077
T3044,94.611077
T3045,94.611077
T3046,94.611077
T3047,94.611077
T3048,94.611077
T3049,94.611077
T3050,94.611077
T3051,94.611077
T3052,94.611077
T3053,94.611077
T3054,94.611077
T3055,94.611077
T3056,94.611077
T3057,94.611077
T3058,94.611077
T3059,94.611077
T3060,94.611077
T3061,94.611077
T3062,94.611077
T3063,94.611077
T3064,94.611077
T3065,94.611077
T3066,94.611077
T3067,94.611077
T3068,94.611077
T3069,94.611077
T3070,94.611077
T3071,94.611077
T3072,94.611077
T3073,94.611077
T3074,94.611077
T3075,94.611077
T3076,94.611077
T3077,94.611077
T3078,94.611077
T3079,94.611077
T3080,94.611077
T3081,94.611077
T3082,94.611077
T3083,94.611077
T3084,94.611077
T3085,94.611077
T3086,94.611077
T3087,94.611077
T3088,94.611077
T3089,94.611077
T3090,94.611077
T3091,94.611077
T3092,94.611077
T3093,94.611077
T3094,94.611077
T3095,94.611077
T3096,94.611077
T3097,94.611077
T3098,94.611077
T3099,94.611077
T3100,94.611077
T3101,94.611077
T3102,94.611077
T3103,94.611077
T3104,94.611077
T3105,94.611077
T3106,94.611077
T3107,94.611077
T3108,94.611077
T3109,94.611077
T3110,94.611077
T3111,94.611077
T3112,94.611077
T3113,94.611077
T3114,94.611077
T3115,94.611077
T3116,94.611077
T3117,94.611077
T3118,94.611077
T3119,94.611077
T3120,94.611077
T3121,94.611077
T3122,94.611077
T3123,94.611077
T3124,94.611077
T3125,94.611077
T3126,94.611077
T3127,94.611077
T3128,94.611077
T3129,94.611077
T3130,94.611077
T3131,94.611077
T3132,94.611077
T3133,94.611077
T3134,94.611077
T3135,94.611077
T3136,94.611077
T3137,94.611077
T3138,94.611077
T3139,94.611077
T3140,94.611077
T3141,94.611077
T3142,94.611077
T3143,94.611077
T3144,94.611077
T3145,94.611077
T3146,94.611077
T3147,94.611077
T3148,94.611077
T3149,94.611077
T3150,94.611077
T3151,94.611077
T3152,94.611077
T3153,94.611077
T3154,94.611077
T3155,94.611077
T3156,94.611077
T3157,94.611077
T3158,94.611077
T3159,94.611077
T3160,94.611077
T3161,94.611077
T3162,94.611077
T3163,94.611077
T3164,94.611077
T3165,94.611077
T3166,94.611077
T3167,94.611077
T3168,94.611077
T3169,94.611077
T3170,94.611077
T3171,94.611077
T3172,94.611077
T3173,94.611077
T3174,94.611077
T3175,94.611077
T3176,94.611077
T3177,94.611077
T3178,94.611077
T3179,94.611077
T3180,94.611077
T3181,94.611077
T3182,94.611077
T3183,94.611077
T3184,94.611077
T3185,94.611077
T3186,94.611077
T3187,94.611077
T3188,94.611077
T3189,94.611077
T3190,94.611077
T3191,94.611077
T3192,94.611077
T3193,94.611077
T3194,94.611077
T3195,94.611077
T3196,94.611077
T3197,94.611077
T3198,94.611077
T3199,94.611077
T3200,94.611077
T3201,94.611077
T3202,94.611077
T3203,94.611077
T3204,94.611077
T3205,94.611077
T3206,94.611077
T3207,94.611077
T3208,94.611077
T3209,94.611077
T3210,94.611077
T3211,94.611077
T3212,94.611077
T3213,94.611077
T3214,94.611077
T3215,94.611077
T3216,94.611077
T3217,94.611077
T3218,94.611077
T3219,94.611077
T3220,94.611077
T3221,94.611077
T3222,94.611077
T3223,94.611077
T3224,94.611077
T3225,94.611077
T3226,94.611077
T3227,94.611077
T3228,94.611077
T3229,94.611077
T3230,94.611077
T3231,94.611077
T3232,94.611077
T3233,94.611077
T3234,94.611077
T3235,94.611077
T3236,94.611077
T3237,94.611077
T3238,94.611077
T3239,94.611077
T3240,94.611077
T3241,94.611077
T3242,94.611077
T3243,94.611077
T3244,94.611077
T3245,94.611077
T3246,94.611077
T3247,94.611077
T3248,94.611077
T3249,94.611077
T3250,94.611077
T3251,94.611077
T3252,94.611077
T3253,94.611077
T3254,94.611077
T3255,94.611077
T3256,94.611077
T3257,94.611077
T3258,94.611077
T3259,94.611077
T3260,94.611077
T3261,94.611077
T3262,94.611077
T3263,94.611077
T3264,94.611077
T3265,94.611077
T3266,94.611077
T3267,94.611077
T3268,94.611077
T3269,94.611077
T3270,94.611077
T3271,94.611077
T3272,94.611077
T3273,94.611077
T3274,94.611077
T3275,94.611077
T3276,94.611077
T3277,94.611077
T3278,94.611077
T3279,94.611077
T3280,94.611077
T3281,94.611077
T3282,94.611077
T3283,94.611077
T3284,94.611077
T3285,94.611077
T3286,94.611077
T3287,94.611077
T3288,94.611077
T3289,94.611077
T3290,94.611077
T3291,94.611077
T3292,94.611077
T3293,94.611077
T3294,94.611077
T3295,94.611077
T3296,94.611077
T3297,94.611077
T3298,94.611077
T3299,94.611077
T3300,94.611077
T3301,94.611077
T3302,94.611077
T3303,94.611077
T3304,94.611077
T3305,94.611077
T3306,94.611077
T3307,94.611077
T3308,94.611077
T3309,94.611077
T3310,94.611077
T3311,94.611077
T3312,94.611077
T3313,94.611077
T3314,94.611077
T3315,94.611077
T3316,94.611077
T3317,94.611077
T3318,94.611077
T3319,94.611077
T3320,94.611077
T3321,94.611077
T3322,94.611077
T3323,94.611077
T3324,94.611077
T3325,94.611077
T3326,94.611077
T3327,94.611077
T3328,94.611077
T3329,94.611077
T3330,94.611077
T3331,94.611077
T3332,94.611077
T3333,94.611077
T3334,94.611077
T3335,94.611077
T3336,94.611077
T3337,94.611077
T3338,94.611077
T3339,94.611077
T3340,94.611077
T3341,94.611077
T3342,0.000000
T3343,0.000000
T3344,94.611077
T3345,94.611077
T3346,94.611077
T3347,94.611077
T3348,94.611077
T3349,94.611077
T3350,94.611077
T3351,94.611077
T3352,94.611077
T3353,94.611077
T3354,94.611077
T3355,0.000000
T3356,94.611077
T3357,94.611077
T3358,94.611077
T3359,94.611077
T3360,94.611077
T3361,94.611077
T3362,94.611077
T3363,94.611077
T3364,94.611077
T3365,94.611077
T3366,94.611077
T3367,94.611077
T3368,94.611077
T3369,94.611077
T3370,94.611077
T3371,94.611077
T3372,94.611077
T3373,94.611077
T3374,94.611077
T3375,94.611077
T3376,94.611077
T3377,94.611077
T3378,94.611077
T3379,94.611077
T3380,94.611077
T3381,94.611077
T3382,94.611077
T3383,94.611077
T3384,94.611077
T3385,94.611077
T3386,94.611077
T3387,94.611077
T3388,94.611077
T3389,94.611077
T3390,94.611077
T3391,94.611077
T3392,94.611077
T3393,94.611077
T3394,94.611077
T3395,94.611077
T3396,94.611077
T3397,94.611077
T3398,94.611077
T3399,94.611077
T3400,94.611077
T3401,94.611077
T3402,94.611077
T3403,94.611077
T3404,94.611077
T3405,94.611077
T3406,94.611077
T3407,94.611077
T3408,94.611077
T3409,94.611077
T3410,94.611077
T3411,94.611077
T3412,94.611077
T3413,94.611077
T3414,94.611077
T3415,94.611077
T3416,94.611077
T3417,94.611077
T3418,94.611077
T3419,94.611077
T3420,94.611077
T3421,94.611077
T3422,94.611077
T3423,94.611077
T3424,94.611077
T3425,94.611077
T3426,94.611077
T3427,94.611077
T3428,94.611077
T3429,94.611077
T3430,94.611077
T3431,94.611077
T3432,94.611077
T3433,94.611077
T3434,94.611077
T3435,94.611077
T3436,94.611077
T3437,94.611077
T3438,94.611077
T3439,94.611077
T3440,94.611077
T3441,94.611077
T3442,94.611077
T3443,94.611077
T3444,94.611077
T3445,94.611077
T3446,94.611077
T3447,94.611077
T3448,94.611077
T3449,94.611077
T3450,94.611077
T3451,94.611077
T3452,94.611077
T3453,94.611077
T3454,94.611077
T3455,94.611077
T3456,94.611077
T3457,94.611077
T3458,94.611077
T3459,94.611077
T3460,94.611077
T3461,94.611077
T3462,94.611077
T3463,94.611077
T3464,94.611077
T3465,94.611077
T3466,94.611077
T3467,94.611077
T3468,94.611077
T3469,94.611077
T3470,94.611077
T3471,94.611077
T3472,94.611077
T3473,94.611077
T3474,94.611077
T3475,94.611077
T3476,94.611077
T3477,94.611077
T3478,94.611077
T3479,94.611077
T3480,94.611077
T3481,94.611077
T3482,94.611077
T3483,94.611077
T3484,94.611077
T3485,0.000000
T3486,0.000000
T3487,0.000000
T3488,0.000000
T3489,0.000000
T3490,0.000000
T3491,0.000000
T3492,0.000000
T3493,0.000000
T3494,0.000000
T3495,0.000000
T3496,0.000000
T3497,0.000000
T3498,0.000000
T3499,0.000000
T3500,0.000000
T3501,0.000000
T3502,94.611077
T3503,94.611077
T3504,94.611077
T3505,94.611077
T3506,94.611077
T3507,94.611077
T3508,94.611077
T3509,94.611077
T3510,0.000000
T3511,0.000000
T3512,0.000000
T3513,0.000000
T3514,0.000000
T3515,0.000000
T3516,0.000000
T3517,0.000000
T3518,0.000000
T3519,0.000000
T3520,0.000000
T3521,0.000000
T3522,0.000000
T3523,0.000000
T3524,0.000000
T3525,0.000000
T3526,0.000000
T3527,94.611077
T3528,94.611077
T3529,94.611077
T3530,94.611077
T3531,94.611077
T3532,94.611077
T3533,94.611077
T3534,0.000000
T3535,0.000000
T3536,94.611077
T3537,94.611077
T3538,94.611077
T3539,94.611077
T3540,94.611077
T3541,94.611077
T3542,94.611077
T3543,94.611077
T3544,94.611077
T3545,94.611077
T3546,94.611077
T3547,94.611077
T3548,94.611077
T3549,94.611077
T3550,94.611077
T3551,94.611077
T3552,94.611077
T3553,94.611077
T3554,94.611077
T3555,94.611077
T3556,94.611077
T3557,94.611077
T3558,94.611077
T3559,94.611077
T3560,94.611077
T3561,94.611077
T3562,94.611077
T3563,94.611077
T3564,0.000000
T3565,0.000000
T3566,94.611077
T3567,94.611077
T3568,94.611077
T3569,94.611077
T3570,94.611077
T3571,94.611077
T3572,94.611077
T3573,94.611077
T3574,94.611077
T3575,94.611077
T3576,94.611077
T3577,94.611077
T3578,94.611077
T3579,94.611077
T3580,94.611077
T3581,94.611077
T3582,94.611077
T3583,0.000000
T3584,0.000000
T3585,0.000000
T3586,0.000000
T3587,0.000000
T3588,0.000000
T3589,0.000000
T3590,0.000000
T3591,0.000000
T3592,0.000000
T3593,0.000000
T3594,0.000000
T3595,0.000000
T3596,0.000000
T3597,0.000000
T3598,0.000000
T3599,0.000000
T3600,0.000000
T3601,0.000000
T3602,0.000000
T3603,0.000000
T3604,0.000000
T3605,0.000000
T3606,0.000000
T3607,0.000000
T3608,0.000000
T3609,0.000000
T3610,0.000000
T3611,0.000000
T3612,0.000000
T3613,0.000000
T3614,0.000000
T3615,0.000000
T3616,0.000000
T3617,0.000000
T3618,0.000000
T3619,0.000000
T3620,0.000000
T3621,0.000000
T3622,0.000000
T3623,0.000000
T3624,0.000000
T3625,0.000000
T3626,0.000000
T3627,0.000000
T3628,0.000000
T3629,0.000000
T3630,0.000000
T3631,0.000000
T3632,0.000000
T3633,0.000000
T3634,0.000000
T3635,0.000000
T3636,0.000000
T3637,0.000000
T3638,0.000000
T3639,0.000000
T3640,0.000000
T3641,0.000000
T3642,0.000000
T3643,0.000000
T3644,0.000000
T3645,0.000000
T3646,0.000000
T3647,0.000000
T3648,0.000000
T3649,0.000000
T3650,0.000000
T3651,0.000000
T3652,0.000000
T3653,0.000000
T3654,0.000000
T3655,0.000000
T3656,0.000000
T3657,0.000000
T3658,0.000000
T3659,0.000000
T3660,0.000000
T3661,0.000000
T3662,0.000000
T3663,0.000000
T3664,0.000000
T3665,0.000000
T3666,0.000000
T3667,0.000000
T3668,0.000000
T3669,0.000000
T3670,0.000000
T3671,0.000000
T3672,0.000000
T3673,0.000000
T3674,0.000000
T3675,0.000000
T3676,0.000000
T3677,0.000000
T3678,0.000000
T3679,0.000000
T3680,0.000000
T3681,0.000000
T3682,0.000000
T3683,0.000000
T3684,0.000000
T3685,0.000000
T3686,0.000000
T3687,0.000000
T3688,0.000000
T3689,0.000000
T3690,0.000000
T3691,0.000000
T3692,0.000000
T3693,0.000000
T3694,0.000000
T3695,0.000000
T3696,0.000000
T3697,0.000000
T3698,0.000000
T3699,0.000000
T3700,0.000000
T3701,0.000000
T3702,0.000000
T3703,0.000000
T3704,0.000000
T3705,0.000000
T3706,0.000000
T3707,0.000000
T3708,0.000000
T3709,0.000000
T3710,0.000000
T3711,0.000000
T3712,0.000000
T3713,0.000000
T3714,0.000000
T3715,0.000000
T3716,0.000000
T3717,0.000000
T3718,0.000000
T3719,0.000000
T3720,0.000000
T3721,0.000000
T3722,0.000000
T3723,0.000000
T3724,0.000000
T3725,0.000000
T3726,0.000000
T3727,0.000000
T3728,0.000000
T3729,0.000000
T3730,0.000000
T3731,0.000000
T3732,0.000000
T3733,0.000000
T3734,0.000000
T3735,0.000000
T3736,0.000000
T3737,0.000000
T3738,0.000000
T3739,0.000000
T3740,0.000000
T3741,0.000000
T3742,0.000000
T3743,0.000000
T3744,0.000000
T3745,0.000000
T3746,0.000000
T3747,0.000000
T3748,0.000000
T3749,0.000000
T3750,0.000000
T3751,0.000000
T3752,0.000000
T3753,0.000000
T3754,0.000000
T3755,0.000000
T3756,0.000000
T3757,0.000000
T3758,0.000000
T3759,0.000000
T3760,0.000000
T3761,0.000000
T3762,0.000000
T3763,0.000000
T3764,0.000000
T3765,0.000000
T3766,0.000000
T3767,0.000000
T3768,0.000000
T3769,0.000000
T3770,0.000000
T3771,0.000000
T3772,0.000000
T3773,0.000000
T3774,0.000000
T3775,0.000000
T3776,0.000000
T3777,0.000000
T3778,0.000000
T3779,0.000000
T3780,0.000000
T3781,0.000000
T3782,0.000000
T3783,0.000000
T3784,0.000000
T3785,0.000000
T3786,0.000000
T3787,0.000000
T3788,0.000000
T3789,0.000000
T3790,0.000000
T3791,0.000000
T3792,0.000000
T3793,0.000000
T3794,0.000000
T3795,0.000000
T3796,0.000000
T3797,0.000000
T3798,0.000000
T3799,0.000000
T3800,0.000000
T3801,0.000000
T3802,0.000000
T3803,0.000000
T3804,0.000000
T3805,0.000000
T3806,0.000000
T3807,0.000000
T3808,0.000000
T3809,0.000000
T3810,0.000000
T3811,0.000000
T3812,0.000000
T3813,0.000000
T3814,0.000000
T3815,0.000000
T3816,0.000000
T3817,0.000000
T3818,0.000000
T3819,0.000000
T3820,0.000000
T3821,0.000000
T3822,0.000000
T3823,0.000000
T3824,0.000000
T3825,0.000000
T3826,0.000000
T3827,0.000000
T3828,0.000000
T3829,0.000000
T3830,0.000000
T3831,0.000000
T3832,0.000000
T3833,0.000000
T3834,0.000000
T3835,0.000000
T3836,0.000000
T3837,0.000000
T3838,0.000000
T3839,0.000000
T3840,0.000000
T3841,0.000000
T3842,0.000000
T3843,0.000000
T3844,0.000000
T3845,0.000000
T3846,0.000000
T3847,0.000000
T3848,0.000000
T3849,0.000000
T3850,0.000000
T3851,0.000000
T3852,0.000000
T3853,0.000000
T3854,0.000000
T3855,0.000000
T3856,0.000000
T3857,0.000000
T3858,0.000000
T3859,0.000000
T3860,0.000000
T3861,0.000000
T3862,0.000000
T3863,0.000000
T3864,0.000000
T3865,0.000000
T3866,0.000000
T3867,0.000000
T3868,0.000000
T3869,0.000000
T3870,0.000000
T3871,0.000000
T3872,0.000000
T3873,0.000000
T3874,0.000000
T3875,0.000000
T3876,0.000000
T3877,0.000000
T3878,0.000000
T3879,0.000000
T3880,0.000000
T3881,0.000000
T3882,0.000000
T3883,0.000000
T3884,0.000000
T3885,0.000000
T3886,0.000000
T3887,0.000000
T3888,0.000000
T3889,0.000000
T3890,0.000000
T3891,0.000000
T3892,0.000000
T3893,0.000000
T3894,0.000000
T3895,0.000000
T3896,0.000000
T3897,0.000000
T3898,0.000000
T3899,0.000000
T3900,0.000000
T3901,0.000000
T3902,0.000000
T3903,0.000000
T3904,0.000000
T3905,0.000000
T3906,0.000000
T3907,0.000000
T3908,0.000000
T3909,0.000000
T3910,0.000000
T3911,0.000000
T3912,0.000000
T3913,0.000000
T3914,0.000000
T3915,0.000000
T3916,0.000000
T3917,0.000000
T3918,0.000000
T3919,0.000000
T3920,0.000000
T3921,0.000000
T3922,0.000000
T3923,0.000000
T3924,0.000000
T3925,0.000000
T3926,0.000000
T3927,0.000000
T3928,0.000000
T3929,0.000000
T3930,0.000000
T3931,0.000000
T3932,0.000000
T3933,0.000000
T3934,0.000000
T3935,0.000000
T3936,0.000000
T3937,0.000000
T3938,0.000000
T3939,0.000000
T3940,0.000000
T3941,0.000000
T3942,0.000000
T3943,0.000000
T3944,0.000000
T3945,0.000000
T3946,0.000000
T3947,0.000000
T3948,0.000000
T3949,0.000000
T3950,0.000000
T3951,0.000000
T3952,0.000000
T3953,0.000000
T3954,0.000000
T3955,0.000000
T3956,0.000000
T3957,0.000000
T3958,0.000000
T3959,0.000000
T3960,0.000000
T3961,0.000000
T3962,0.000000
T3963,0.000000
T3964,0.000000
T3965,0.000000
T3966,0.000000
T3967,0.000000
T3968,0.000000
T3969,0.000000
T3970,0.000000
T3971,0.000000
T3972,0.000000
T3973,0.000000
T3974,0.000000
T3975,0.000000
T3976,0.000000
T3977,0.000000
T3978,0.000000
T3979,0.000000
T3980,0.000000
T3981,0.000000
T3982,0.000000
T3983,0.000000
T3984,0.000000
T3985,0.000000
T3986,0.000000
T3987,0.000000
T3988,0.000000
T3989,0.000000
T3990,0.000000
T3991,0.000000
T3992,0.000000
T3993,0.000000
T3994,0.000000
T3995,0.000000
T3996,0.000000
T3997,0.000000
T3998,0.000000
T3999,0.000000
T4000,0.000000
T4001,0.000000
T4002,0.000000
T4003,0.000000
T4004,0.000000
T4005,0.000000
T4006,0.000000
T4007,0.000000
T4008,0.000000
T4009,0.000000
T4010,0.000000
T4011,0.000000
T4012,0.000000
T4013,0.000000
T4014,0.000000
T4015,0.000000
T4016,0.000000
T4017,0.000000
T4018,0.000000
T4019,0.000000
T4020,0.000000
T4021,0.000000
T4022,0.000000
T4023,0.000000
T4024,0.000000
T4025,0.000000
T4026,0.000000
T4027,0.000000
T4028,0.000000
T4029,0.000000
T4030,0.000000
T4031,0.000000
T4032,0.000000
T4033,0.000000
T4034,0.000000
T4035,0.000000
T4036,0.000000
T4037,0.000000
T4038,0.000000
T4039,0.000000
T4040,0.000000
T4041,0.000000
T4042,0.000000
T4043,0.000000
T4044,0.000000
T4045,0.000000
T4046,0.000000
T4047,0.000000
T4048,0.000000
T4049,0.000000
T4050,0.000000
T4051,0.000000
T4052,0.000000
T4053,0.000000
T4054,0.000000
T4055,0.000000
T4056,0.000000
T4057,0.000000
T4058,0.000000
T4059,0.000000
T4060,0.000000
T4061,0.000000
T4062,0.000000
T4063,0.000000
T4064,0.000000
T4065,0.000000
T4066,0.000000
T4067,0.000000
T4068,0.000000
T4069,0.000000
T4070,0.000000
T4071,0.000000
T4072,0.000000
T4073,0.000000
T4074,0.000000
T4075,0.000000
T4076,0.000000
T4077,0.000000
T4078,0.000000
T4079,0.000000
T4080,0.000000
T4081,0.000000
T4082,0.000000
T4083,0.000000
T4084,0.000000
T4085,0.000000
T4086,0.000000
T4087,0.000000
T4088,0.000000
T4089,0.000000
T4090,0.000000
T4091,0.000000
T4092,0.000000
T4093,0.000000
T4094,0.000000
T4095,0.000000
T4096,0.000000
T4097,0.000000
T4098,0.000000
T4099,0.000000
T4100,0.000000
T4101,0.000000
T4102,0.000000
T4103,0.000000
T4104,0.000000
T4105,0.000000
T4106,0.000000
T4107,0.000000
T4108,0.000000
T4109,0.000000
T4110,0.000000
T4111,0.000000
T4112,0.000000
T4113,0.000000
T4114,0.000000
T4115,0.000000
T4116,0.000000
T4117,0.000000
T4118,0.000000
T4119,0.000000
T4120,0.000000
T4121,0.000000
T4122,0.000000
T4123,0.000000
T4124,0.000000
T4125,0.000000
T4126,0.000000
T4127,0.000000
T4128,0.000000
T4129,0.000000
T4130,0.000000
T4131,0.000000
T4132,0.000000
T4133,0.000000
T4134,0.000000
T4135,0.000000
T4136,0.000000
T4137,0.000000
T4138,0.000000
T4139,0.000000
T4140,0.000000
T4141,0.000000
T4142,0.000000
T4143,0.000000
T4144,0.000000
T4145,0.000000
T4146,0.000000
T4147,0.000000
T4148,0.000000
T4149,0.000000
T4150,0.000000
T4151,0.000000
T4152,0.000000
T4153,0.000000
T4154,0.000000
T4155,0.000000
T4156,0.000000
T4157,0.000000
T4158,0.000000
T4159,0.000000
T4160,0.000000
T4161,0.000000
T4162,0.000000
T4163,0.000000
T4164,0.000000
T4165,0.000000
T4166,0.000000
T4167,0.000000
T4168,0.000000
T4169,0.000000
T4170,0.000000
T4171,0.000000
T4172,0.000000
T4173,0.000000
T4174,0.000000
T4175,0.000000
T4176,0.000000
T4177,0.000000
T4178,0.000000
T4179,0.000000
T4180,0.000000
T4181,0.000000
T4182,0.000000
T4183,0.000000
T4184,0.000000
T4185,0.000000
T4186,0.000000
T4187,0.000000
T4188,0.000000
T4189,0.000000
T4190,0.000000
T4191,0.000000
T4192,0.000000
T4193,0.000000
T4194,0.000000
T4195,0.000000
T4196,0.000000
T4197,0.000000
T4198,0.000000
T4199,0.000000
T4200,0.000000
T4201,0.000000
T4202,0.000000
T4203,0.000000
T4204,0.000000
T4205,0.000000
T4206,0.000000
T4207,0.000000
T4208,0.000000
T4209,0.000000
T4210,0.000000
T4211,0.000000
T4212,0.000000
T4213,0.000000
T4214,0.000000
T4215,0.000000
T4216,0.000000
T4217,0.000000
T4218,0.000000
T4219,0.000000
T4220,0.000000
T4221,0.000000
T4222,0.000000
T4223,0.000000
T4224,0.000000
T4225,0.000000
T4226,0.000000
T4227,0.000000
T4228,0.000000
T4229,0.000000
T4230,0.000000
T4231,0.000000
T4232,0.000000
T4233,0.000000
T4234,0.000000
T4235,0.000000
T4236,0.000000
T4237,0.000000
T4238,0.000000
T4239,0.000000
T4240,0.000000
T4241,0.000000
T4242,0.000000
T4243,0.000000
T4244,0.000000
T4245,0.000000
T4246,0.000000
T4247,0.000000
T4248,0.000000
T4249,0.000000
T4250,0.000000
T4251,0.000000
T4252,0.000000
T4253,0.000000
T4254,0.000000
T4255,0.000000
T4256,0.000000
T4257,0.000000
T4258,0.000000
T4259,0.000000
T4260,0.000000
T4261,0.000000
T4262,0.000000
T4263,0.000000
T4264,0.000000
T4265,0.000000
T4266,0.000000
T4267,0.000000
T4268,0.000000
T4269,0.000000
T4270,0.000000
T4271,0.000000
T4272,0.000000
T4273,0.000000
T4274,0.000000
T4275,0.000000
T4276,0.000000
T4277,0.000000
T4278,0.000000
T4279,0.000000
T4280,0.000000
T4281,0.000000
T4282,0.000000
T4283,0.000000
T4284,0.000000
T4285,0.000000
T4286,0.000000
T4287,0.000000
T4288,0.000000
T4289,0.000000
T4290,0.000000
T4291,0.000000
T4292,0.000000
T4293,0.000000
T4294,0.000000
T4295,0.000000
T4296,0.000000
T4297,0.000000
T4298,0.000000
T4299,0.000000
T4300,0.000000
T4301,0.000000
T4302,0.000000
T4303,0.000000
T4304,0.000000
T4305,0.000000
T4306,0.000000
T4307,0.000000
T4308,0.000000
T4309,0.000000
T4310,0.000000
T4311,0.000000
T4312,0.000000
T4313,0.000000
T4314,0.000000
T4315,0.000000
T4316,0.000000
T4317,0.000000
T4318,0.000000
T4319,0.000000
T4320,0.000000
T4321,0.000000
T4322,0.000000
T4323,0.000000
T4324,0.000000
T4325,0.000000
T4326,0.000000
T4327,0.000000
T4328,0.000000
T4329,0.000000
T4330,0.000000
T4331,0.000000
T4332,0.000000
T4333,0.000000
T4334,0.000000
T4335,0.000000
T4336,0.000000
T4337,0.000000
T4338,0.000000
T4339,0.000000
T4340,0.000000
T4341,0.000000
T4342,0.000000
T4343,0.000000
T4344,0.000000
T4345,0.000000
T4346,0.000000
T4347,0.000000
T4348,0.000000
T4349,0.000000
T4350,0.000000
T4351,0.000000
T4352,0.000000
T4353,0.000000
T4354,0.000000
T4355,0.000000
T4356,0.000000
T4357,0.000000
T4358,0.000000
T4359,0.000000
T4360,0.000000
T4361,0.000000
T4362,0.000000
T4363,0.000000
T4364,0.000000
T4365,0.000000
T4366,0.000000
T4367,0.000000
T4368,0.000000
T4369,0.000000
T4370,0.000000
T4371,0.000000
T4372,0.000000
T4373,0.000000
T4374,0.000000
T4375,0.000000
T4376,0.000000
T4377,0.000000
T4378,0.000000
T4379,0.000000
T4380,0.000000
T4381,0.000000
T4382,0.000000
T4383,0.000000
T4384,0.000000
T4385,0.000000
T4386,0.000000
T4387,0.000000
T4388,0.000000
T4389,0.000000
T4390,0.000000
T4391,0.000000
T4392,0.000000
T4393,0.000000
T4394,0.000000
T4395,0.000000
T4396,0.000000
T4397,0.000000
T4398,0.000000
T4399,0.000000
T4400,0.000000
T4401,0.000000
T4402,0.000000
T4403,0.000000
T4404,0.000000
T4405,0.000000
T4406,0.000000
T4407,0.000000
T4408,0.000000
T4409,0.000000
T4410,0.000000
T4411,0.000000
T4412,0.000000
T4413,0.000000
T4414,0.000000
T4415,0.000000
T4416,0.000000
T4417,0.000000
T4418,0.000000
T4419,0.000000
T4420,0.000000
T4421,0.000000
T4422,0.000000
T4423,0.000000
T4424,0.000000
T4425,0.000000
T4426,0.000000
T4427,0.000000
T4428,0.000000
T4429,0.000000
T4430,0.000000
T4431,0.000000
T4432,0.000000
T4433,0.000000
T4434,0.000000
T4435,0.000000
T4436,0.000000
T4437,0.000000
T4438,0.000000
T4439,0.000000
T4440,0.000000
T4441,0.000000
T4442,0.000000
T4443,0.000000
T4444,0.000000
T4445,0.000000
T4446,0.000000
T4447,0.000000
T4448,0.000000
T4449,0.000000
T4450,0.000000
T4451,0.000000
T4452,0.000000
T4453,0.000000
T4454,0.000000
T4455,0.000000
T4456,0.000000
T4457,0.000000
T4458,0.000000
T4459,0.000000
T4460,0.000000
T4461,0.000000
T4462,0.000000
T4463,0.000000
T4464,0.000000
T4465,0.000000
T4466,0.000000
T4467,0.000000
T4468,0.000000
T4469,0.000000
T4470,0.000000
T4471,0.000000
T4472,0.000000
T4473,0.000000
T4474,0.000000
T4475,0.000000
T4476,0.000000
T4477,0.000000
T4478,0.000000
T4479,0.000000
T4480,0.000000
T4481,0.000000
T4482,0.000000
T4483,0.000000
T4484,0.000000
T4485,0.000000
T4486,0.000000
T4487,0.000000
T4488,0.000000
T4489,0.000000
T4490,0.000000
T4491,0.000000
T4492,0.000000
T4493,0.000000
T4494,0.000000
T4495,0.000000
T4496,0.000000
T4497,0.000000
T4498,0.000000
T4499,0.000000
T4500,0.000000
T4501,0.000000
T4502,0.000000
T4503,0.000000
T4504,0.000000
T4505,0.000000
T4506,0.000000
T4507,0.000000
T4508,0.000000
T4509,0.000000
T4510,0.000000
T4511,0.000000
T4512,0.000000
T4513,0.000000
T4514,0.000000
T4515,0.000000
T4516,0.000000
T4517,0.000000
T4518,0.000000
T4519,0.000000
T4520,0.000000
T4521,0.000000
T4522,0.000000
T4523,0.000000
T4524,0.000000
T4525,0.000000
T4526,0.000000
T4527,0.000000
T4528,0.000000
T4529,0.000000
T4530,0.000000
T4531,0.000000
T4532,0.000000
T4533,0.000000
T4534,0.000000
T4535,0.000000
T4536,0.000000
T4537,0.000000
T4538,0.000000
T4539,0.000000
T4540,0.000000
T4541,0.000000
T4542,0.000000
T4543,0.000000
T4544,0.000000
T4545,0.000000
T4546,0.000000
T4547,0.000000
T4548,0.000000
T4549,0.000000
T4550,0.000000
T4551,0.000000
T4552,0.000000
T4553,0.000000
T4554,0.000000
T4555,0.000000
T4556,0.000000
T4557,0.000000
T4558,0.000000
T4559,0.000000
T4560,0.000000
T4561,0.000000
T4562,0.000000
T4563,0.000000
T4564,0.000000
T4565,0.000000
T4566,0.000000
T4567,0.000000
T4568,0.000000
T4569,0.000000
T4570,0.000000
T4571,0.000000
T4572,0.000000
T4573,0.000000
T4574,0.000000
T4575,0.000000
T4576,0.000000
T4577,0.000000
T4578,0.000000
T4579,0.000000
T4580,0.000000
T4581,0.000000
T4582,0.000000
T4583,0.000000
T4584,0.000000
T4585,0.000000
T4586,0.000000
T4587,0.000000
T4588,0.000000
T4589,0.000000
T4590,0.000000
T4591,0.000000
T4592,0.000000
T4593,0.000000
T4594,0.000000
T4595,0.000000
T4596,0.000000
T4597,0.000000
T4598,0.000000
T4599,0.000000
T4600,0.000000
T4601,0.000000
T4602,0.000000
T4603,0.000000
T4604,0.000000
T4605,0.000000
T4606,0.000000
T4607,0.000000
T4608,0.000000
T4609,0.000000
T4610,0.000000
T4611,0.000000
T4612,0.000000
T4613,0.000000
T4614,0.000000
T4615,0.000000
T4616,0.000000
T4617,0.000000
T4618,0.000000
T4619,0.000000
T4620,0.000000
T4621,0.000000
T4622,0.000000
T4623,0.000000
T4624,0.000000
T4625,0.000000
T4626,0.000000
T4627,0.000000
T4628,0.000000
T4629,0.000000
T4630,0.000000
T4631,0.000000
T4632,0.000000
T4633,0.000000
T4634,0.000000
T4635,0.000000
T4636,0.000000
T4637,0.000000
T4638,0.000000
T4639,0.000000
T4640,0.000000
T4641,0.000000
T4642,0.000000
T4643,0.000000
T4644,0.000000
T4645,0.000000
T4646,0.000000
T4647,0.000000
T4648,0.000000
T4649,0.000000
T4650,0.000000
T4651,0.000000
T4652,0.000000
T4653,0.000000
T4654,0.000000
T4655,0.000000
T4656,0.000000
T4657,0.000000
T4658,0.000000
T4659,0.000000
T4660,0.000000
T4661,0.000000
T4662,0.000000
T4663,0.000000
T4664,0.000000
T4665,0.000000
T4666,0.000000
T4667,0.000000
T4668,0.000000
T4669,0.000000
T4670,0.000000
T4671,0.000000
T4672,0.000000
T4673,0.000000
T4674,0.000000
T4675,0.000000
T4676,0.000000
T4677,0.000000
T4678,0.000000
T4679,0.000000
T4680,0.000000
T4681,0.000000
T4682,0.000000
T4683,0.000000
T4684,0.000000
T4685,0.000000
T4686,0.000000
T4687,0.000000
T4688,0.000000
T4689,0.000000
T4690,0.000000
T4691,0.000000
T4692,0.000000
T4693,0.000000
T4694,0.000000
T4695,0.000000
T4696,0.000000
T4697,0.000000
T4698,0.000000
T4699,0.000000
T4700,0.000000
T4701,0.000000
T4702,0.000000
T4703,0.000000
T4704,0.000000
T4705,0.000000
T4706,0.000000
T4707,0.000000
T4708,0.000000
T4709,0.000000
T4710,0.000000
T4711,0.000000
T4712,0.000000
T4713,0.000000
T4714,0.000000
T4715,0.000000
T4716,0.000000
T4717,0.000000
T4718,0.000000
T4719,0.000000
T4720,0.000000
T4721,0.000000
T4722,0.000000
T4723,0.000000
T4724,0.000000
T4725,0.000000
T4726,0.000000
T4727,0.000000
T4728,0.000000
T4729,0.000000
T4730,0.000000
T4731,0.000000
T4732,0.000000
T4733,0.000000
T4734,0.000000
T4735,0.000000
T4736,0.000000
T4737,0.000000
T4738,0.000000
T4739,0.000000
T4740,0.000000
T4741,0.000000
T4742,0.000000
T4743,0.000000
T4744,0.000000
T4745,0.000000
T4746,0.000000
T4747,0.000000
T4748,0.000000
T4749,0.000000
T4750,0.000000
T4751,0.000000
T4752,0.000000
T4753,0.000000
T4754,0.000000
T4755,0.000000
T4756,0.000000
T4757,0.000000
T4758,0.000000
T4759,0.000000
T4760,0.000000
T4761,0.000000
T4762,0.000000
T4763,0.000000
T4764,0.000000
T4765,0.000000
T4766,0.000000
T4767,0.000000
T4768,0.000000
T4769,0.000000
T4770,0.000000
T4771,0.000000
T4772,0.000000
T4773,0.000000
T4774,0.000000
T4775,0.000000
T4776,0.000000
T4777,0.000000
T4778,0.000000
T4779,0.000000
T4780,0.000000
T4781,0.000000
T4782,0.000000
T4783,0.000000
T4784,0.000000
T4785,0.000000
T4786,0.000000
T4787,0.000000
T4788,0.000000
T4789,0.000000
T4790,0.000000
T4791,0.000000
T4792,0.000000
T4793,0.000000
T4794,0.000000
T4795,0.000000
T4796,0.000000
T4797,0.000000
T4798,0.000000
T4799,0.000000
T4800,0.000000
T4801,0.000000
T4802,0.000000
T4803,0.000000
T4804,0.000000
T4805,0.000000
T4806,0.000000
T4807,0.000000
T4808,0.000000
T4809,0.000000
T4810,0.000000
T4811,0.000000
T4812,0.000000
T4813,0.000000
T4814,0.000000
T4815,0.000000
T4816,0.000000
T4817,0.000000
T4818,0.000000
T4819,0.000000
T4820,0.000000
T4821,0.000000
T4822,0.000000
T4823,0.000000
T4824,0.000000
T4825,0.000000
T4826,0.000000
T4827,0.000000
T4828,0.000000
T4829,0.000000
T4830,0.000000
T4831,0.000000
T4832,0.000000
T4833,0.000000
T4834,0.000000
T4835,0.000000
T4836,0.000000
T4837,0.000000
T4838,0.000000
T4839,0.000000
T4840,0.000000
T4841,0.000000
T4842,0.000000
T4843,0.000000
T4844,0.000000
T4845,0.000000
T4846,0.000000
T4847,0.000000
T4848,0.000000
T4849,0.000000
T4850,0.000000
T4851,0.000000
T4852,0.000000
T4853,0.000000
T4854,0.000000
T4855,0.000000
T4856,0.000000
T4857,0.000000
T4858,0.000000
T4859,0.000000
T4860,0.000000
T4861,0.000000
T4862,0.000000
T4863,0.000000
T4864,0.000000
T4865,0.000000
T4866,0.000000
T4867,0.000000
T4868,0.000000
T4869,0.000000
T4870,0.000000
T4871,0.000000
T4872,0.000000
T4873,0.000000
T4874,0.000000
T4875,0.000000
T4876,0.000000
T4877,0.000000
T4878,0.000000
T4879,0.000000
T4880,0.000000
T4881,0.000000
T4882,0.000000
T4883,0.000000
T4884,0.000000
T4885,0.000000
T4886,0.000000
T4887,0.000000
T4888,0.000000
T4889,0.000000
T4890,0.000000
T4891,0.000000
T4892,0.000000
T4893,0.000000
T4894,0.000000
T4895,0.000000
T4896,0.000000
T4897,0.000000
T4898,0.000000
T4899,0.000000
T4900,0.000000
T4901,0.000000
T4902,0.000000
T4903,0.000000
T4904,0.000000
T4905,0.000000
T4906,0.000000
T4907,0.000000
T4908,0.000000
T4909,0.000000
T4910,0.000000
T4911,0.000000
T4912,0.000000
T4913,0.000000
T4914,0.000000
T4915,0.000000
T4916,0.000000
T4917,0.000000
T4918,0.000000
T4919,0.000000
T4920,0.000000
T4921,0.000000
T4922,0.000000
T4923,0.000000
T4924,0.000000
T4925,0.000000
T4926,0.000000
T4927,0.000000
T4928,0.000000
T4929,0.000000
T4930,0.000000
T4931,0.000000
T4932,0.000000
T4933,0.000000
T4934,0.000000
T4935,0.000000
T4936,0.000000
T4937,0.000000
T4938,0.000000
T4939,0.000000
T4940,0.000000
T4941,0.000000
T4942,0.000000
T4943,0.000000
T4944,0.000000
T4945,0.000000
T4946,0.000000
T4947,0.000000
T4948,0.000000
T4949,0.000000
T4950,0.000000
T4951,0.000000
T4952,0.000000
T4953,0.000000
T4954,0.000000
T4955,0.000000
T4956,0.000000
T4957,0.000000
T4958,0.000000
T4959,0.000000
T4960,0.000000
T4961,0.000000
T4962,0.000000
T4963,0.000000
T4964,0.000000
T4965,0.000000
T4966,0.000000
T4967,0.000000
T4968,0.000000
T4969,0.000000
T4970,0.000000
T4971,0.000000
T4972,0.000000
T4973,0.000000
T4974,0.000000
T4975,0.000000
T4976,0.000000
T4977,0.000000
T4978,0.000000
T4979,0.000000
T4980,0.000000
T4981,0.000000
T4982,0.000000
T4983,0.000000
T4984,0.000000
T4985,0.000000
T4986,0.000000
T4987,0.000000
T4988,0.000000
T4989,0.000000
T4990,0.000000
T4991,0.000000
T4992,0.000000
T4993,0.000000
T4994,0.000000
T4995,0.000000
T4996,0.000000
T4997,0.000000
T4998,0.000000
T4999,0.000000
T5000,0.000000
T5001,0.000000
T5002,0.000000
T5003,0.000000
T5004,0.000000
T5005,0.000000
T5006,0.000000
T5007,0.000000
T5008,0.000000
T5009,0.000000
T5010,0.000000
T5011,0.000000
T5012,0.000000
T5013,0.000000
T5014,0.000000
T5015,0.000000
T5016,0.000000
T5017,0.000000
T5018,0.000000
T5019,0.000000
T5020,0.000000
T5021,0.000000
T5022,0.000000
T5023,0.000000
T5024,0.000000
T5025,0.000000
T5026,0.000000
T5027,0.000000
T5028,0.000000
T5029,0.000000
T5030,0.000000
T5031,0.000000
T5032,0.000000
T5033,0.000000
T5034,0.000000
T5035,0.000000
T5036,0.000000
T5037,0.000000
T5038,0.000000
T5039,0.000000
T5040,0.000000
T5041,0.000000
T5042,0.000000
T5043,0.000000
T5044,0.000000
T5045,0.000000
T5046,0.000000
T5047,0.000000
T5048,0.000000
T5049,0.000000
T5050,0.000000
T5051,0.000000
T5052,0.000000
T5053,0.000000
T5054,0.000000
T5055,0.000000
T5056,0.000000
T5057,0.000000
T5058,0.000000
T5059,0.000000
T5060,0.000000
T5061,0.000000
T5062,0.000000
T5063,0.000000
T5064,0.000000
T5065,0.000000
T5066,0.000000
T5067,0.000000
T5068,0.000000
T5069,0.000000
T5070,0.000000
T5071,0.000000
T5072,0.000000
T5073,0.000000
T5074,0.000000
T5075,0.000000
T5076,0.000000
T5077,0.000000
T5078,0.000000
T5079,0.000000
T5080,0.000000
T5081,0.000000
T5082,0.000000
T5083,0.000000
T5084,0.000000
T5085,0.000000
T5086,0.000000
T5087,0.000000
T5088,0.000000
T5089,0.000000
T5090,0.000000
T5091,0.000000
T5092,0.000000
T5093,0.000000
T5094,0.000000
T5095,0.000000
T5096,0.000000
T5097,0.000000
T5098,0.000000
T5099,0.000000
T5100,0.000000
T5101,0.000000
T5102,0.000000
T5103,0.000000
T5104,0.000000
T5105,0.000000
T5106,0.000000
T5107,0.000000
T5108,0.000000
T5109,0.000000
T5110,0.000000
T5111,0.000000
T5112,0.000000
T5113,0.000000
T5114,0.000000
T5115,0.000000
T5116,0.000000
T5117,0.000000
T5118,0.000000
T5119,0.000000
T5120,0.000000
T5121,0.000000
T5122,0.000000
T5123,0.000000
T5124,0.000000
T5125,0.000000
T5126,0.000000
T5127,0.000000
T5128,0.000000
T5129,0.000000
T5130,0.000000
T5131,0.000000
T5132,0.000000
T5133,0.000000
T5134,0.000000
T5135,0.000000
T5136,0.000000
T5137,0.000000
T5138,0.000000
T5139,0.000000
T5140,0.000000
T5141,0.000000
T5142,0.000000
T5143,0.000000
T5144,0.000000
T5145,0.000000
T5146,0.000000
T5147,0.000000
T5148,0.000000
T5149,0.000000
T5150,0.000000
T5151,0.000000
T5152,0.000000
T5153,0.000000
T5154,0.000000
T5155,0.000000
T5156,0.000000
T5157,0.000000
T5158,0.000000
T5159,0.000000
T5160,0.000000
T5161,0.000000
T5162,0.000000
T5163,0.000000
T5164,0.000000
T5165,0.000000
T5166,0.000000
T5167,0.000000
T5168,0.000000
T5169,0.000000
T5170,0.000000
T5171,0.000000
T5172,0.000000
T5173,0.000000
T5174,0.000000
T5175,0.000000
T5176,0.000000
T5177,0.000000
T5178,0.000000
T5179,0.000000
T5180,0.000000
T5181,0.000000
T5182,0.000000
T5183,0.000000
T5184,0.000000
T5185,0.000000
T5186,0.000000
T5187,0.000000
T5188,0.000000
T5189,0.000000
T5190,0.000000
T5191,0.000000
T5192,0.000000
T5193,0.000000
T5194,0.000000
T5195,0.000000
T5196,0.000000
T5197,0.000000
T5198,0.000000
T5199,0.000000
T5200,0.000000
T5201,0.000000
T5202,0.000000
T5203,0.000000
T5204,0.000000
T5205,0.000000
T5206,0.000000
T5207,0.000000
T5208,0.000000
T5209,0.000000
T5210,0.000000
T5211,0.000000
T5212,0.000000
T5213,0.000000
T5214,0.000000
T5215,0.000000
T5216,0.000000
T5217,0.000000
T5218,0.000000
T5219,0.000000
T5220,0.000000
T5221,0.000000
T5222,0.000000
T5223,0.000000
T5224,0.000000
T5225,0.000000
T5226,0.000000
T5227,0.000000
T5228,0.000000
T5229,0.000000
T5230,0.000000
T5231,0.000000
T5232,0.000000
T5233,0.000000
T5234,0.000000
T5235,0.000000
T5236,0.000000
T5237,0.000000
T5238,0.000000
T5239,0.000000
T5240,0.000000
T5241,0.000000
T5242,0.000000
T5243,0.000000
T5244,0.000000
T5245,0.000000
T5246,0.000000
T5247,0.000000
T5248,0.000000
T5249,0.000000
T5250,0.000000
T5251,0.000000
T5252,0.000000
T5253,0.000000
T5254,0.000000
T5255,0.000000
T5256,0.000000
T5257,0.000000
T5258,0.000000
T5259,0.000000
T5260,0.000000
T5261,0.000000
T5262,0.000000
T5263,0.000000
T5264,0.000000
T5265,0.000000
T5266,0.000000
T5267,0.000000
T5268,0.000000
T5269,0.000000
T5270,0.000000
T5271,0.000000
T5272,0.000000
T5273,0.000000
T5274,0.000000
T5275,0.000000
T5276,0.000000
T5277,0.000000
T5278,0.000000
T5279,0.000000
T5280,0.000000
T5281,0.000000
T5282,0.000000
T5283,0.000000
T5284,0.000000
T5285,0.000000
T5286,0.000000
T5287,0.000000
T5288,0.000000
T5289,0.000000
T5290,0.000000
T5291,0.000000
T5292,0.000000
T5293,0.000000
T5294,0.000000
T5295,0.000000
T5296,0.000000
T5297,0.000000
T5298,0.000000
T5299,0.000000
T5300,0.000000
T5301,0.000000
T5302,0.000000
T5303,0.000000
T5304,0.000000
T5305,0.000000
T5306,0.000000
T5307,0.000000
T5308,0.000000
T5309,0.000000
T5310,0.000000
T5311,0.000000
T5312,0.000000
T5313,0.000000
T5314,0.000000
T5315,0.000000
T5316,0.000000
T5317,0.000000
T5318,0.000000
T5319,0.000000
T5320,0.000000
T5321,0.000000
T5322,0.000000
T5323,0.000000
T5324,0.000000
T5325,0.000000
T5326,0.000000
T5327,0.000000
T5328,0.000000
T5329,0.000000
T5330,0.000000
T5331,0.000000
T5332,0.000000
T5333,0.000000
T5334,0.000000
T5335,0.000000
T5336,0.000000
T5337,0.000000
T5338,0.000000
T5339,0.000000
T5340,0.000000
T5341,0.000000
T5342,0.000000
T5343,0.000000
T5344,0.000000
T5345,0.000000
T5346,0.000000
T5347,0.000000
T5348,0.000000
T5349,0.000000
T5350,0.000000
T5351,0.000000
T5352,0.000000
T5353,0.000000
T5354,0.000000
T5355,0.000000
T5356,0.000000
T5357,0.000000
T5358,0.000000
T5359,0.000000
T5360,0.000000
T5361,0.000000
T5362,0.000000
T5363,0.000000
T5364,0.000000
T5365,0.000000
T5366,0.000000
T5367,0.000000
T5368,0.000000
T5369,0.000000
T5370,0.000000
T5371,0.000000
T5372,0.000000
T5373,0.000000
T5374,0.000000
T5375,0.000000
T5376,0.000000
T5377,0.000000
T5378,0.000000
T5379,0.000000
T5380,0.000000
T5381,0.000000
T5382,0.000000
T5383,0.000000
T5384,0.000000
T5385,0.000000
T5386,0.000000
T5387,0.000000
T5388,0.000000
T5389,0.000000
T5390,0.000000
T5391,0.000000
T5392,0.000000
T5393,0.000000
T5394,0.000000
T5395,0.000000
T5396,0.000000
T5397,0.000000
T5398,0.000000
T5399,0.000000
T5400,0.000000
T5401,0.000000
T5402,0.000000
T5403,0.000000
T5404,0.000000
T5405,0.000000
T5406,0.000000
T5407,0.000000
T5408,0.000000
T5409,0.000000
T5410,0.000000
T5411,0.000000
T5412,0.000000
T5413,0.000000
T5414,0.000000
T5415,0.000000
T5416,0.000000
T5417,0.000000
T5418,0.000000
T5419,0.000000
T5420,0.000000
T5421,0.000000
T5422,0.000000
T5423,0.000000
T5424,0.000000
T5425,0.000000
T5426,0.000000
T5427,0.000000
T5428,0.000000
T5429,0.000000
T5430,0.000000
T5431,0.000000
T5432,0.000000
T5433,0.000000
T5434,0.000000
T5435,0.000000
T5436,0.000000
T5437,0.000000
T5438,0.000000
T5439,0.000000
T5440,0.000000
T5441,0.000000
T5442,0.000000
T5443,0.000000
T5444,0.000000
T5445,0.000000
T5446,0.000000
T5447,0.000000
T5448,0.000000
T5449,0.000000
T5450,0.000000
T5451,0.000000
T5452,0.000000
T5453,0.000000
T5454,0.000000
T5455,0.000000
T5456,0.000000
T5457,0.000000
T5458,0.000000
T5459,0.000000
T5460,0.000000
T5461,0.000000
T5462,0.000000
T5463,0.000000
T5464,0.000000
T5465,0.000000
T5466,0.000000
T5467,0.000000
T5468,0.000000
T5469,0.000000
T5470,0.000000
T5471,0.000000
T5472,0.000000
T5473,0.000000
T5474,0.000000
T5475,0.000000
T5476,0.000000
T5477,0.000000
T5478,0.000000
T5479,0.000000
T5480,0.000000
T5481,0.000000
T5482,0.000000
T5483,0.000000
T5484,0.000000
T5485,0.000000
T5486,0.000000
T5487,0.000000
T5488,0.000000
T5489,0.000000
T5490,0.000000
T5491,0.000000
T5492,0.000000
T5493,0.000000
T5494,0.000000
T5495,0.000000
T5496,0.000000
T5497,0.000000
T5498,0.000000
T5499,0.000000
T5500,0.000000
T5501,0.000000
T5502,0.000000
T5503,0.000000
T5504,0.000000
T5505,0.000000
T5506,0.000000
T5507,0.000000
T5508,0.000000
T5509,0.000000
T5510,0.000000
T5511,0.000000
T5512,0.000000
T5513,0.000000
T5514,0.000000
T5515,0.000000
T5516,0.000000
T5517,0.000000
T5518,0.000000
T5519,0.000000
T5520,0.000000
T5521,0.000000
T5522,0.000000
T5523,0.000000
T5524,0.000000
T5525,0.000000
T5526,0.000000
T5527,0.000000
T5528,0.000000
T5529,0.000000
T5530,0.000000
T5531,0.000000
T5532,0.000000
T5533,0.000000
T5534,0.000000
T5535,0.000000
T5536,0.000000
T5537,0.000000
T5538,0.000000
T5539,0.000000
T5540,0.000000
T5541,0.000000
T5542,0.000000
T5543,0.000000
T5544,0.000000
T5545,0.000000
T5546,0.000000
T5547,0.000000
T5548,0.000000
T5549,0.000000
T5550,0.000000
T5551,0.000000
T5552,0.000000
T5553,0.000000
T5554,0.000000
T5555,0.000000
T5556,0.000000
T5557,0.000000
T5558,0.000000
T5559,0.000000
T5560,0.000000
T5561,0.000000
T5562,0.000000
T5563,0.000000
T5564,0.000000
T5565,0.000000
T5566,0.000000
T5567,0.000000
T5568,0.000000
T5569,0.000000
T5570,0.000000
T5571,0.000000
T5572,0.000000
T5573,0.000000
T5574,0.000000
T5575,0.000000
T5576,0.000000
T5577,0.000000
T5578,0.000000
T5579,0.000000
T5580,0.000000
T5581,0.000000
T5582,0.000000
T5583,0.000000
T5584,0.000000
T5585,0.000000
T5586,0.000000
T5587,0.000000
T5588,0.000000
T5589,0.000000
T5590,0.000000
T5591,0.000000
T5592,0.000000
T5593,0.000000
T5594,0.000000
T5595,0.000000
T5596,0.000000
T5597,0.000000
T5598,0.000000
T5599,0.000000
T5600,0.000000
T5601,0.000000
T5602,0.000000
T5603,0.000000
T5604,0.000000
T5605,0.000000
T5606,0.000000
T5607,0.000000
T5608,0.000000
T5609,0.000000
T5610,0.000000
T5611,0.000000
T5612,0.000000
T5613,0.000000
T5614,0.000000
T5615,0.000000
T5616,0.000000
T5617,0.000000
T5618,0.000000
T5619,0.000000
T5620,0.000000
T5621,0.000000
T5622,0.000000
T5623,0.000000
T5624,0.000000
T5625,0.000000
T5626,0.000000
T5627,0.000000
T5628,0.000000
T5629,0.000000
T5630,0.000000
T5631,0.000000
T5632,0.000000
T5633,0.000000
T5634,0.000000
T5635,0.000000
T5636,0.000000
T5637,0.000000
T5638,0.000000
T5639,0.000000
T5640,0.000000
T5641,0.000000
T5642,0.000000
T5643,0.000000
T5644,0.000000
T5645,0.000000
T5646,0.000000
T5647,0.000000
T5648,0.000000
T5649,0.000000
T5650,0.000000
T5651,0.000000
T5652,0.000000
T5653,0.000000
T5654,0.000000
T5655,0.000000
T5656,0.000000
T5657,0.000000
T5658,0.000000
T5659,0.000000
T5660,0.000000
T5661,0.000000
T5662,0.000000
T5663,0.000000
T5664,0.000000
T5665,0.000000
T5666,0.000000
T5667,0.000000
T5668,0.000000
T5669,0.000000
T5670,0.000000
T5671,0.000000
T5672,0.000000
T5673,0.000000
T5674,0.000000
T5675,0.000000
T5676,0.000000
T5677,0.000000
T5678,0.000000
T5679,0.000000
T5680,0.000000
T5681,0.000000
T5682,0.000000
T5683,0.000000
T5684,0.000000
T5685,0.000000
T5686,0.000000
T5687,0.000000
T5688,0.000000
T5689,0.000000
T5690,0.000000
T5691,0.000000
T5692,0.000000
T5693,0.000000
T5694,0.000000
T5695,0.000000
T5696,0.000000
T5697,0.000000
T5698,0.000000
T5699,0.000000
T5700,0.000000
T5701,0.000000
T5702,0.000000
T5703,0.000000
T5704,0.000000
T5705,0.000000
T5706,0.000000
T5707,0.000000
T5708,0.000000
T5709,0.000000
T5710,0.000000
T5711,0.000000
T5712,0.000000
T5713,0.000000
T5714,0.000000
T5715,0.000000
T5716,0.000000
T5717,0.000000
T5718,0.000000
T5719,0.000000
T5720,0.000000
T5721,0.000000
T5722,0.000000
T5723,0.000000
T5724,0.000000
T5725,0.000000
T5726,0.000000
T5727,0.000000
T5728,0.000000
T5729,0.000000
T5730,0.000000
T5731,0.000000
T5732,0.000000
T5733,0.000000
T5734,0.000000
T5735,0.000000
T5736,0.000000
T5737,0.000000
T5738,0.000000
T5739,0.000000
T5740,0.000000
T5741,0.000000
T5742,0.000000
T5743,0.000000
T5744,0.000000
T5745,0.000000
T5746,0.000000
T5747,0.000000
T5748,0.000000
T5749,0.000000
T5750,0.000000
T5751,0.000000
T5752,0.000000
T5753,0.000000
T5754,0.000000
T5755,0.000000
T5756,0.000000
T5757,0.000000
T5758,0.000000
T5759,0.000000
T5760,0.000000
T5761,0.000000
T5762,0.000000
T5763,0.000000
T5764,0.000000
T5765,0.000000
T5766,0.000000
T5767,0.000000
T5768,0.000000
T5769,0.000000
T5770,0.000000
T5771,0.000000
T5772,0.000000
T5773,0.000000
T5774,0.000000
T5775,0.000000
T5776,0.000000
T5777,0.000000
T5778,0.000000
T5779,0.000000
T5780,0.000000
T5781,0.000000
T5782,0.000000
T5783,0.000000
T5784,0.000000
T5785,0.000000
T5786,0.000000
T5787,0.000000
T5788,0.000000
T5789,0.000000
T5790,0.000000
T5791,0.000000
T5792,0.000000
T5793,0.000000
T5794,0.000000
T5795,0.000000
T5796,0.000000
T5797,0.000000
T5798,0.000000
T5799,0.000000
T5800,0.000000
T5801,0.000000
T5802,0.000000
T5803,0.000000
T5804,0.000000
T5805,0.000000
T5806,0.000000
T5807,0.000000
T5808,0.000000
T5809,0.000000
T5810,0.000000
T5811,0.000000
T5812,0.000000
T5813,0.000000
T5814,0.000000
T5815,0.000000
T5816,0.000000
T5817,0.000000
T5818,0.000000
T5819,0.000000
T5820,0.000000
T5821,0.000000
T5822,0.000000
T5823,0.000000
T5824,0.000000
T5825,0.000000
T5826,0.000000
T5827,0.000000
T5828,0.000000
T5829,0.000000
T5830,0.000000
T5831,0.000000
T5832,0.000000
T5833,0.000000
T5834,0.000000
T5835,0.000000
T5836,0.000000
T5837,0.000000
T5838,0.000000
T5839,0.000000
T5840,0.000000
T5841,0.000000
T5842,0.000000
T5843,0.000000
T5844,0.000000
T5845,0.000000
T5846,0.000000
T5847,0.000000
T5848,0.000000
T5849,0.000000
T5850,0.000000
T5851,0.000000
T5852,0.000000
T5853,0.000000
T5854,0.000000
T5855,0.000000
T5856,0.000000
T5857,0.000000
T5858,0.000000
T5859,0.000000
T5860,0.000000
T5861,0.000000
T5862,0.000000
T5863,0.000000
T5864,0.000000
T5865,0.000000
T5866,0.000000
T5867,0.000000
T5868,0.000000
T5869,0.000000
T5870,0.000000
T5871,0.000000
T5872,0.000000
T5873,0.000000
T5874,0.000000
T5875,0.000000
T5876,0.000000
T5877,0.000000
T5878,0.000000
T5879,0.000000
T5880,0.000000
T5881,0.000000
T5882,0.000000
T5883,0.000000
T5884,0.000000
T5885,0.000000
T5886,0.000000
T5887,0.000000
T5888,0.000000
T5889,0.000000
T5890,0.000000
T5891,0.000000
T5892,0.000000
T5893,0.000000
T5894,0.000000
T5895,0.000000
T5896,0.000000
T5897,0.000000
T5898,0.000000
T5899,0.000000
T5900,0.000000
T5901,0.000000
T5902,0.000000
T5903,0.000000
T5904,0.000000
T5905,0.000000
T5906,0.000000
T5907,0.000000
T5908,0.000000
T5909,0.000000
T5910,0.000000
T5911,0.000000
T5912,0.000000
T5913,0.000000
T5914,0.000000
T5915,0.000000
T5916,0.000000
T5917,0.000000
T5918,0.000000
T5919,0.000000
T5920,0.000000
T5921,0.000000
T5922,0.000000
T5923,0.000000
T5924,0.000000
T5925,0.000000
T5926,0.000000
T5927,0.000000
T5928,0.000000
T5929,0.000000
T5930,0.000000
T5931,0.000000
T5932,0.000000
T5933,0.000000
T5934,0.000000
T5935,0.000000
T5936,0.000000
T5937,0.000000
T5938,0.000000
T5939,0.000000
T5940,0.000000
T5941,0.000000
T5942,0.000000
T5943,0.000000
T5944,0.000000
T5945,0.000000
T5946,0.000000
T5947,0.000000
T5948,0.000000
T5949,0.000000
T5950,0.000000
T5951,0.000000
T5952,0.000000
T5953,0.000000
T5954,0.000000
T5955,0.000000
T5956,0.000000
T5957,0.000000
T5958,0.000000
T5959,0.000000
T5960,0.000000
T5961,0.000000
T5962,0.000000
T5963,0.000000
T5964,0.000000
T5965,0.000000
T5966,0.000000
T5967,0.000000
T5968,0.000000
T5969,0.000000
T5970,0.000000
T5971,0.000000
T5972,0.000000
T5973,0.000000
T5974,0.000000
T5975,0.000000
T5976,0.000000
T5977,0.000000
T5978,0.000000
T5979,0.000000
T5980,0.000000
T5981,0.000000
T5982,0.000000
T5983,0.000000
T5984,0.000000
T5985,0.000000
T5986,0.000000
T5987,0.000000
T5988,0.000000
T5989,0.000000
T5990,0.000000
T5991,0.000000
T5992,0.000000
T5993,0.000000
T5994,0.000000
T5995,0.000000
T5996,0.000000
T5997,0.000000
T5998,0.000000
T5999,0.000000
T6000,0.000000
T6001,0.000000
T6002,0.000000
T6003,0.000000
T6004,0.000000
T6005,0.000000
T6006,0.000000
T6007,0.000000
T6008,0.000000
T6009,0.000000
T6010,0.000000
T6011,0.000000
T6012,0.000000
T6013,0.000000
T6014,0.000000
T6015,0.000000
T6016,0.000000
T6017,0.000000
T6018,0.000000
T6019,0.000000
T6020,0.000000
T6021,0.000000
T6022,0.000000
T6023,0.000000
T6024,0.000000
T6025,0.000000
T6026,0.000000
T6027,0.000000
T6028,0.000000
T6029,0.000000
T6030,0.000000
T6031,0.000000
T6032,0.000000
T6033,0.000000
T6034,0.000000
T6035,0.000000
T6036,0.000000
T6037,0.000000
T6038,0.000000
T6039,0.000000
T6040,0.000000
T6041,0.000000
T6042,0.000000
T6043,0.000000
T6044,0.000000
T6045,0.000000
T6046,0.000000
T6047,0.000000
T6048,0.000000
T6049,0.000000
T6050,0.000000
T6051,0.000000
T6052,0.000000
T6053,0.000000
T6054,0.000000
T6055,0.000000
T6056,0.000000
T6057,0.000000
T6058,0.000000
T6059,0.000000
T6060,0.000000
T6061,0.000000
T6062,0.000000
T6063,0.000000
T6064,0.000000
T6065,0.000000
T6066,0.000000
T6067,0.000000
T6068,0.000000
T6069,0.000000
T6070,0.000000
T6071,0.000000
T6072,0.000000
T6073,0.000000
T6074,0.000000
T6075,0.000000
T6076,0.000000
T6077,0.000000
T6078,0.000000
T6079,0.000000
T6080,0.000000
T6081,0.000000
T6082,0.000000
T6083,0.000000
T6084,0.000000
T6085,0.000000
T6086,0.000000
T6087,0.000000
T6088,0.000000
T6089,0.000000
T6090,0.000000
T6091,0.000000
T6092,0.000000
T6093,0.000000
T6094,0.000000
T6095,0.000000
T6096,0.000000
T6097,0.000000
T6098,0.000000
T6099,0.000000
T6100,0.000000
T6101,0.000000
T6102,0.000000
T6103,0.000000
T6104,0.000000
T6105,0.000000
T6106,0.000000
T6107,0.000000
T6108,0.000000
T6109,0.000000
T6110,0.000000
T6111,0.000000
T6112,0.000000
T6113,0.000000
T6114,0.000000
T6115,0.000000
T6116,0.000000
T6117,0.000000
T6118,0.000000
T6119,0.000000
T6120,0.000000
T6121,0.000000
T6122,0.000000
T6123,0.000000
T6124,0.000000
T6125,0.000000
T6126,0.000000
T6127,0.000000
T6128,0.000000
T6129,0.000000
T6130,0.000000
T6131,0.000000
T6132,0.000000
T6133,0.000000
T6134,0.000000
T6135,0.000000
T6136,0.000000
T6137,0.000000
T6138,0.000000
T6139,0.000000
T6140,0.000000
T6141,0.000000
T6142,0.000000
T6143,0.000000
T6144,0.000000
T6145,0.000000
T6146,0.000000
T6147,0.000000
T6148,0.000000
T6149,0.000000
T6150,0.000000
T6151,0.000000
T6152,0.000000
T6153,0.000000
T6154,0.000000
T6155,0.000000
T6156,0.000000
T6157,0.000000
T6158,0.000000
T6159,0.000000
T6160,0.000000
T6161,0.000000
T6162,0.000000
T6163,0.000000
T6164,0.000000
T6165,0.000000
T6166,0.000000
T6167,0.000000
T6168,0.000000
T6169,0.000000
T6170,0.000000
T6171,0.000000
T6172,0.000000
T6173,0.000000
T6174,0.000000
T6175,0.000000
T6176,0.000000
T6177,0.000000
T6178,0.000000
T6179,0.000000
T6180,0.000000
T6181,0.000000
T6182,0.000000
T6183,0.000000
T6184,0.000000
T6185,0.000000
T6186,0.000000
T6187,0.000000
T6188,0.000000
T6189,0.000000
T6190,0.000000
T6191,0.000000
T6192,0.000000
T6193,0.000000
T6194,0.000000
T6195,0.000000
T6196,0.000000
T6197,0.000000
T6198,0.000000
T6199,0.000000
T6200,0.000000
T6201,0.000000
T6202,0.000000
T6203,0.000000
T6204,0.000000
T6205,0.000000
T6206,0.000000
T6207,0.000000
T6208,0.000000
T6209,0.000000
T6210,0.000000
T6211,0.000000
T6212,0.000000
T6213,0.000000
T6214,0.000000
T6215,0.000000
T6216,0.000000
T6217,0.000000
T6218,0.000000
T6219,0.000000
T6220,0.000000
T6221,0.000000
T6222,0.000000
T6223,0.000000
T6224,0.000000
T6225,0.000000
T6226,0.000000
T6227,0.000000
T6228,0.000000
T6229,0.000000
T6230,0.000000
T6231,0.000000
T6232,0.000000
T6233,0.000000
T6234,0.000000
T6235,0.000000
T6236,0.000000
T6237,0.000000
T6238,0.000000
T6239,0.000000
T6240,0.000000
T6241,0.000000
T6242,0.000000
T6243,0.000000
T6244,0.000000
T6245,0.000000
T6246,0.000000
T6247,0.000000
T6248,0.000000
T6249,0.000000
T6250,0.000000
T6251,0.000000
T6252,0.000000
T6253,0.000000
T6254,0.000000
T6255,0.000000
T6256,0.000000
T6257,0.000000
T6258,0.000000
T6259,0.000000
T6260,0.000000
T6261,0.000000
T6262,0.000000
T6263,0.000000
T6264,0.000000
T6265,0.000000
T6266,0.000000
T6267,0.000000
T6268,0.000000
T6269,0.000000
T6270,0.000000
T6271,0.000000
T6272,0.000000
T6273,0.000000
T6274,0.000000
T6275,0.000000
T6276,0.000000
T6277,0.000000
T6278,0.000000
T6279,0.000000
T6280,0.000000
T6281,0.000000
T6282,0.000000
T6283,0.000000
T6284,0.000000
T6285,0.000000
T6286,0.000000
T6287,0.000000
T6288,0.000000
T6289,0.000000
T6290,0.000000
T6291,0.000000
T6292,0.000000
T6293,0.000000
T6294,0.000000
T6295,0.000000
T6296,0.000000
T6297,0.000000
T6298,0.000000
T6299,0.000000
T6300,0.000000
T6301,0.000000
T6302,0.000000
T6303,0.000000
T6304,0.000000
T6305,0.000000
T6306,0.000000
T6307,0.000000
T6308,0.000000
T6309,0.000000
T6310,0.000000
T6311,0.000000
T6312,0.000000
T6313,0.000000
T6314,0.000000
T6315,0.000000
T6316,0.000000
T6317,0.000000
T6318,0.000000
T6319,0.000000
T6320,0.000000
T6321,0.000000
T6322,0.000000
T6323,0.000000
T6324,0.000000
T6325,0.000000
T6326,0.000000
T6327,0.000000
T6328,0.000000
T6329,0.000000
T6330,0.000000
T6331,0.000000
T6332,0.000000
T6333,0.000000
T6334,0.000000
T6335,0.000000
T6336,0.000000
T6337,0.000000
T6338,0.000000
T6339,0.000000
T6340,0.000000
T6341,0.000000
T6342,0.000000
T6343,0.000000
T6344,0.000000
T6345,0.000000
T6346,0.000000
T6347,0.000000
T6348,0.000000
T6349,0.000000
T6350,0.000000
T6351,0.000000
T6352,0.000000
T6353,0.000000
T6354,0.000000
T6355,0.000000
T6356,0.000000
T6357,0.000000
T6358,0.000000
T6359,0.000000
T6360,0.000000
T6361,0.000000
T6362,0.000000
T6363,0.000000
T6364,0.000000
T6365,0.000000
T6366,0.000000
T6367,0.000000
T6368,0.000000
T6369,0.000000
T6370,0.000000
T6371,0.000000
T6372,0.000000
T6373,0.000000
T6374,0.000000
T6375,0.000000
T6376,0.000000
T6377,0.000000
T6378,0.000000
T6379,0.000000
T6380,0.000000
T6381,0.000000
T6382,0.000000
T6383,0.000000
T6384,0.000000
T6385,0.000000
T6386,0.000000
T6387,0.000000
T6388,0.000000
T6389,0.000000
T6390,0.000000
T6391,0.000000
T6392,0.000000
T6393,0.000000
T6394,0.000000
T6395,0.000000
T6396,0.000000
T6397,0.000000
T6398,0.000000
T6399,0.000000
T6400,0.000000
T6401,0.000000
T6402,0.000000
T6403,0.000000
T6404,0.000000
T6405,0.000000
T6406,0.000000
T6407,0.000000
T6408,0.000000
T6409,0.000000
T6410,0.000000
T6411,0.000000
T6412,0.000000
T6413,0.000000
T6414,0.000000
T6415,0.000000
T6416,0.000000
T6417,0.000000
T6418,0.000000
T6419,0.000000
T6420,0.000000
T6421,0.000000
T6422,0.000000
T6423,0.000000
T6424,0.000000
T6425,0.000000
T6426,0.000000
T6427,0.000000
T6428,0.000000
T6429,0.000000
T6430,0.000000
T6431,0.000000
T6432,0.000000
T6433,0.000000
T6434,0.000000
T6435,0.000000
T6436,0.000000
T6437,0.000000
T6438,0.000000
T6439,0.000000
T6440,0.000000
T6441,0.000000
T6442,0.000000
T6443,0.000000
T6444,0.000000
T6445,0.000000
T6446,0.000000
T6447,0.000000
T6448,0.000000
T6449,0.000000
T6450,0.000000
T6451,0.000000
T6452,0.000000
T6453,0.000000
T6454,0.000000
T6455,0.000000
T6456,0.000000
T6457,0.000000
T6458,0.000000
T6459,0.000000
T6460,0.000000
T6461,0.000000
T6462,0.000000
T6463,0.000000
T6464,0.000000
T6465,0.000000
T6466,0.000000
T6467,0.000000
T6468,0.000000
T6469,0.000000
T6470,0.000000
T6471,0.000000
T6472,0.000000
T6473,0.000000
T6474,0.000000
T6475,0.000000
T6476,0.000000
T6477,0.000000
T6478,0.000000
T6479,0.000000
T6480,0.000000
T6481,0.000000
T6482,0.000000
T6483,0.000000
T6484,0.000000
T6485,0.000000
T6486,0.000000
T6487,0.000000
T6488,0.000000
T6489,0.000000
T6490,0.000000
T6491,0.000000
T6492,0.000000
T6493,0.000000
T6494,0.000000
T6495,0.000000
T6496,0.000000
T6497,0.000000
T6498,0.000000
T6499,0.000000
T6500,0.000000
T6501,0.000000
T6502,0.000000
T6503,0.000000
T6504,0.000000
T6505,0.000000
T6506,0.000000
T6507,0.000000
T6508,0.000000
T6509,0.000000
T6510,0.000000
T6511,0.000000
T6512,0.000000
T6513,0.000000
T6514,0.000000
T6515,0.000000
T6516,0.000000
T6517,0.000000
T6518,0.000000
T6519,0.000000
T6520,0.000000
T6521,0.000000
T6522,0.000000
T6523,0.000000
T6524,0.000000
T6525,0.000000
T6526,0.000000
T6527,0.000000
T6528,0.000000
T6529,0.000000
T6530,0.000000
T6531,0.000000
T6532,0.000000
T6533,0.000000
T6534,0.000000
T6535,0.000000
T6536,0.000000
T6537,0.000000
T6538,0.000000
T6539,0.000000
T6540,0.000000
T6541,0.000000
T6542,0.000000
T6543,0.000000
T6544,0.000000
T6545,0.000000
T6546,0.000000
T6547,0.000000
T6548,0.000000
T6549,0.000000
T6550,0.000000
T6551,0.000000
T6552,0.000000
T6553,0.000000
T6554,0.000000
T6555,0.000000
T6556,0.000000
T6557,0.000000
T6558,0.000000
T6559,0.000000
T6560,0.000000
T6561,0.000000
T6562,0.000000
T6563,0.000000
T6564,0.000000
T6565,0.000000
T6566,0.000000
T6567,0.000000
T6568,0.000000
T6569,0.000000
T6570,0.000000
T6571,0.000000
T6572,0.000000
T6573,0.000000
T6574,0.000000
T6575,0.000000
T6576,0.000000
T6577,0.000000
T6578,0.000000
T6579,0.000000
T6580,0.000000
T6581,0.000000
T6582,0.000000
T6583,0.000000
T6584,0.000000
T6585,0.000000
T6586,0.000000
T6587,0.000000
T6588,0.000000
T6589,0.000000
T6590,0.000000
T6591,0.000000
T6592,0.000000
T6593,0.000000
T6594,0.000000
T6595,0.000000
T6596,0.000000
T6597,0.000000
T6598,0.000000
T6599,0.000000
T6600,0.000000
T6601,0.000000
T6602,0.000000
T6603,0.000000
T6604,0.000000
T6605,0.000000
T6606,0.000000
T6607,0.000000
T6608,0.000000
T6609,0.000000
T6610,0.000000
T6611,0.000000
T6612,0.000000
T6613,0.000000
T6614,0.000000
T6615,0.000000
T6616,0.000000
T6617,0.000000
T6618,0.000000
T6619,0.000000
T6620,0.000000
T6621,0.000000
T6622,0.000000
T6623,0.000000
T6624,0.000000
T6625,0.000000
T6626,0.000000
T6627,0.000000
T6628,0.000000
T6629,0.000000
T6630,0.000000
T6631,0.000000
T6632,0.000000
T6633,0.000000
T6634,0.000000
T6635,0.000000
T6636,0.000000
T6637,0.000000
T6638,0.000000
T6639,0.000000
T6640,0.000000
T6641,0.000000
T6642,0.000000
T6643,0.000000
T6644,0.000000
T6645,0.000000
T6646,0.000000
T6647,0.000000
T6648,0.000000
T6649,0.000000
T6650,0.000000
T6651,0.000000
T6652,0.000000
T6653,0.000000
T6654,0.000000
T6655,0.000000
T6656,0.000000
T6657,0.000000
T6658,0.000000
T6659,0.000000
T6660,0.000000
T6661,0.000000
T6662,0.000000
T6663,0.000000
T6664,0.000000
T6665,0.000000
T6666,0.000000
T6667,0.000000
T6668,0.000000
T6669,0.000000
T6670,0.000000
T6671,0.000000
T6672,0.000000
T6673,0.000000
T6674,0.000000
T6675,0.000000
T6676,0.000000
T6677,0.000000
T6678,0.000000
T6679,0.000000
T6680,0.000000
T6681,0.000000
T6682,0.000000
T6683,0.000000
T6684,0.000000
T6685,0.000000
T6686,0.000000
T6687,0.000000
T6688,0.000000
T6689,0.000000
T6690,0.000000
T6691,0.000000
T6692,0.000000
T6693,0.000000
T6694,0.000000
T6695,0.000000
T6696,0.000000
T6697,0.000000
T6698,0.000000
T6699,0.000000
T6700,0.000000
T6701,0.000000
T6702,0.000000
T6703,0.000000
T6704,0.000000
T6705,0.000000
T6706,0.000000
T6707,0.000000
T6708,0.000000
T6709,0.000000
T6710,0.000000
T6711,0.000000
T6712,0.000000
T6713,0.000000
T6714,0.000000
T6715,0.000000
T6716,0.000000
T6717,0.000000
T6718,94.611077
T6719,94.611077
T6720,94.611077
T6721,94.611077
T6722,94.611077
T6723,94.611077
T6724,94.611077
T6725,94.611077
T6726,94.611077
T6727,94.611077
T6728,94.611077
T6729,94.611077
T6730,94.611077
T6731,94.611077
T6732,94.611077
T6733,94.611077
T6734,94.611077
T6735,94.611077
T6736,94.611077
T6737,94.611077
T6738,94.611077
T6739,94.611077
T6740,94.611077
T6741,94.611077
T6742,94.611077
T6743,94.611077
T6744,94.611077
T6745,94.611077
T6746,94.611077
T6747,94.611077
T6748,94.611077
T6749,94.611077
T6750,94.611077
T6751,94.611077
T6752,94.611077
T6753,94.611077
T6754,94.611077
T6755,94.611077
T6756,94.611077
T6757,94.611077
T6758,94.611077
T6759,94.611077
T6760,94.611077
T6761,94.611077
T6762,94.611077
T6763,94.611077
T6764,94.611077
T6765,94.611077
T6766,94.611077
T6767,94.611077
T6768,94.611077
T6769,94.611077
T6770,94.611077
T6771,94.611077
T6772,94.611077
T6773,94.611077
T6774,94.611077
T6775,94.611077
T6776,94.611077
T6777,94.611077
T6778,94.611077
T6779,94.611077
T6780,94.611077
T6781,94.611077
T6782,94.611077
T6783,94.611077
T6784,94.611077
T6785,94.611077
T6786,94.611077
T6787,94.611077
T6788,94.611077
T6789,94.611077
T6790,94.611077
T6791,94.611077
T6792,94.611077
T6793,94.611077
T6794,94.611077
T6795,94.611077
T6796,94.611077
T6797,94.611077
T6798,94.611077
T6799,94.611077
T6800,94.611077
T6801,94.611077
T6802,94.611077
T6803,94.611077
T6804,94.611077
T6805,94.611077
T6806,94.611077
T6807,94.611077
T6808,94.611077
T6809,94.611077
T6810,94.611077
T6811,94.611077
T6812,94.611077
T6813,94.611077
T6814,94.611077
T6815,94.611077
T6816,94.611077
T6817,94.611077
T6818,94.611077
T6819,94.611077
T6820,94.611077
T6821,94.611077
T6822,94.611077
T6823,0.000000
T6824,0.000000
T6825,0.000000
T6826,0.000000
T6827,0.000000
T6828,0.000000
T6829,94.611077
T6830,94.611077
T6831,94.611077
T6832,94.611077
T6833,0.000000
T6834,0.000000
T6835,94.611077
T6836,94.611077
T6837,94.611077
T6838,94.611077
T6839,94.611077
T6840,94.611077
T6841,94.611077
T6842,94.611077
T6843,94.611077
T6844,94.611077
T6845,94.611077
T6846,0.000000
T6847,0.000000
T6848,0.000000
T6849,0.000000
T6850,0.000000
T6851,0.000000
T6852,0.000000
T6853,94.611077
T6854,94.611077
T6855,94.611077
T6856,94.611077
T6857,0.000000
T6858,0.000000
T6859,94.611077
T6860,94.611077
T6861,94.611077
T6862,94.611077
T6863,94.611077
T6864,94.611077
T6865,94.611077
T6866,94.611077
T6867,94.611077
T6868,94.611077
T6869,94.611077
T6870,94.611077
T6871,94.611077
T6872,94.611077
T6873,94.611077
T6874,94.611077
T6875,94.611077
T6876,94.611077
T6877,94.611077
T6878,94.611077
T6879,94.611077
T6880,94.611077
T6881,94.611077
T6882,94.611077
T6883,94.611077
T6884,94.611077
T6885,94.611077
T6886,94.611077
T6887,94.611077
T6888,94.611077
T6889,94.611077
T6890,94.611077
T6891,94.611077
T6892,94.611077
T6893,94.611077
T6894,94.611077
T6895,94.611077
T6896,94.611077
T6897,94.611077
T6898,94.611077
T6899,94.611077
T6900,94.611077
T6901,94.611077
T6902,94.611077
T6903,94.611077
T6904,94.611077
T6905,94.611077
T6906,94.611077
T6907,94.611077
T6908,94.611077
T6909,94.611077
T6910,94.611077
T6911,94.611077
T6912,94.611077
T6913,94.611077
T6914,94.611077
T6915,94.611077
T6916,94.611077
T6917,94.611077
T6918,94.611077
T6919,0.000000
T6920,0.000000
T6921,0.000000
T6922,94.611077
T6923,94.611077
T6924,94.611077
T6925,94.611077
T6926,94.611077
T6927,94.611077
T6928,94.611077
T6929,94.611077
T6930,0.000000
T6931,94.611077
T6932,94.611077
T6933,94.611077
T6934,94.611077
T6935,94.611077
T6936,94.611077
T6937,94.611077
T6938,94.611077
T6939,94.611077
T6940,94.611077
T6941,94.611077
T6942,94.611077
T6943,94.611077
T6944,94.611077
T6945,94.611077
T6946,94.611077
T6947,94.611077
T6948,94.611077
T6949,94.611077
T6950,94.611077
T6951,94.611077
T6952,94.611077
T6953,94.611077
T6954,94.611077
T6955,94.611077
T6956,94.611077
T6957,94.611077
T6958,94.611077
T6959,94.611077
T6960,94.611077
T6961,94.611077
T6962,94.611077
T6963,94.611077
T6964,94.611077
T6965,94.611077
T6966,94.611077
T6967,94.611077
T6968,94.611077
T6969,94.611077
T6970,94.611077
T6971,94.611077
T6972,94.611077
T6973,94.611077
T6974,94.611077
T6975,94.611077
T6976,94.611077
T6977,94.611077
T6978,94.611077
T6979,94.611077
T6980,94.611077
T6981,94.611077
T6982,94.611077
T6983,94.611077
T6984,94.611077
T6985,94.611077
T6986,94.611077
T6987,94.611077
T6988,94.611077
T6989,94.611077
T6990,0.000000
T6991,0.000000
T6992,0.000000
T6993,94.611077
T6994,94.611077
T6995,94.611077
T6996,94.611077
T6997,94.611077
T6998,94.611077
T6999,94.611077
T7000,94.611077
T7001,94.611077
T7002,94.611077
T7003,94.611077
T7004,94.611077
T7005,94.611077
T7006,94.611077
T7007,94.611077
T7008,94.611077
T7009,94.611077
T7010,94.611077
T7011,94.611077
T7012,94.611077
T7013,94.611077
T7014,94.611077
T7015,94.611077
T7016,94.611077
T7017,94.611077
T7018,94.611077
T7019,94.611077
T7020,94.611077
T7021,94.611077
T7022,94.611077
T7023,94.611077
T7024,94.611077
T7025,94.611077
T7026,94.611077
T7027,94.611077
T7028,94.611077
T7029,94.611077
T7030,94.611077
T7031,94.611077
T7032,94.611077
T7033,94.611077
T7034,94.611077
T7035,94.611077
T7036,94.611077
T7037,94.611077
T7038,94.611077
T7039,94.611077
T7040,94.611077
T7041,94.611077
T7042,94.611077
T7043,94.611077
T7044,94.611077
T7045,94.611077
T7046,94.611077
T7047,94.611077
T7048,94.611077
T7049,94.611077
T7050,94.611077
T7051,94.611077
T7052,94.611077
T7053,94.611077
T7054,94.611077
T7055,94.611077
T7056,94.611077
T7057,94.611077
T7058,94.611077
T7059,94.611077
T7060,94.611077
T7061,94.611077
T7062,94.611077
T7063,94.611077
T7064,94.611077
T7065,94.611077
T7066,94.611077
T7067,94.611077
T7068,94.611077
T7069,94.611077
T7070,94.611077
T7071,94.611077
T7072,94.611077
T7073,94.611077
T7074,94.611077
T7075,94.611077
T7076,94.611077
T7077,94.611077
T7078,94.611077
T7079,94.611077
T7080,94.611077
T7081,94.611077
T7082,94.611077
T7083,94.611077
T7084,94.611077
T7085,94.611077
T7086,94.611077
T7087,94.611077
T7088,94.611077
T7089,94.611077
T7090,94.611077
T7091,94.611077
T7092,94.611077
T7093,94.611077
T7094,94.611077
T7095,94.611077
T7096,94.611077
T7097,94.611077
T7098,94.611077
T7099,94.611077
T7100,94.611077
T7101,94.611077
T7102,94.611077
T7103,94.611077
T7104,94.611077
T7105,94.611077
T7106,94.611077
T7107,94.611077
T7108,94.611077
T7109,94.611077
T7110,94.611077
T7111,94.611077
T7112,94.611077
T7113,94.611077
T7114,94.611077
T7115,94.611077
T7116,94.611077
T7117,94.611077
T7118,94.611077
T7119,94.611077
T7120,94.611077
T7121,94.611077
T7122,94.611077
T7123,94.611077
T7124,94.611077
T7125,94.611077
T7126,94.611077
T7127,94.611077
T7128,94.611077
T7129,94.611077
T7130,94.611077
T7131,94.611077
T7132,94.611077
T7133,94.611077
T7134,94.611077
T7135,94.611077
T7136,94.611077
T7137,94.611077
T7138,94.611077
T7139,94.611077
T7140,94.611077
T7141,94.611077
T7142,94.611077
T7143,94.611077
T7144,94.611077
T7145,94.611077
T7146,94.611077
T7147,94.611077
T7148,94.611077
T7149,94.611077
T7150,94.611077
T7151,94.611077
T7152,94.611077
T7153,94.611077
T7154,94.611077
T7155,94.611077
T7156,94.611077
T7157,94.611077
T7158,94.611077
T7159,94.611077
T7160,94.611077
T7161,94.611077
T7162,94.611077
T7163,94.611077
T7164,94.611077
T7165,94.611077
T7166,94.611077
T7167,94.611077
T7168,94.611077
T7169,94.611077
T7170,94.611077
T7171,94.611077
T7172,94.611077
T7173,94.611077
T7174,94.611077
T7175,94.611077
T7176,94.611077
T7177,94.611077
T7178,94.611077
T7179,94.611077
T7180,94.611077
T7181,94.611077
T7182,94.611077
T7183,94.611077
T7184,94.611077
T7185,94.611077
T7186,94.611077
T7187,94.611077
T7188,94.611077
T7189,94.611077
T7190,94.611077
T7191,94.611077
T7192,94.611077
T7193,94.611077
T7194,94.611077
T7195,94.611077
T7196,94.611077
T7197,94.611077
T7198,94.611077
T7199,94.611077
T7200,94.611077
T7201,94.611077
T7202,94.611077
T7203,94.611077
T7204,94.611077
T7205,94.611077
T7206,94.611077
T7207,94.611077
T7208,94.611077
T7209,94.611077
T7210,94.611077
T7211,94.611077
T7212,94.611077
T7213,94.611077
T7214,94.611077
T7215,94.611077
T7216,94.611077
T7217,94.611077
T7218,94.611077
T7219,94.611077
T7220,94.611077
T7221,94.611077
T7222,94.611077
T7223,94.611077
T7224,94.611077
T7225,94.611077
T7226,94.611077
T7227,94.611077
T7228,94.611077
T7229,94.611077
T7230,94.611077
T7231,94.611077
T7232,94.611077
T7233,94.611077
T7234,94.611077
T7235,94.611077
T7236,94.611077
T7237,94.611077
T7238,94.611077
T7239,94.611077
T7240,94.611077
T7241,94.611077
T7242,94.611077
T7243,94.611077
T7244,94.611077
T7245,94.611077
T7246,94.611077
T7247,94.611077
T7248,94.611077
T7249,94.611077
T7250,94.611077
T7251,94.611077
T7252,94.611077
T7253,94.611077
T7254,94.611077
T7255,94.611077
T7256,94.611077
T7257,94.611077
T7258,94.611077
T7259,94.611077
T7260,94.611077
T7261,94.611077
T7262,94.611077
T7263,94.611077
T7264,94.611077
T7265,94.611077
T7266,94.611077
T7267,94.611077
T7268,94.611077
T7269,94.611077
T7270,94.611077
T7271,94.611077
T7272,94.611077
T7273,94.611077
T7274,94.611077
T7275,94.611077
T7276,94.611077
T7277,94.611077
T7278,94.611077
T7279,94.611077
T7280,94.611077
T7281,94.611077
T7282,94.611077
T7283,94.611077
T7284,94.611077
T7285,94.611077
T7286,94.611077
T7287,94.611077
T7288,94.611077
T7289,94.611077
T7290,94.611077
T7291,94.611077
T7292,94.611077
T7293,94.611077
T7294,94.611077
T7295,94.611077
T7296,94.611077
T7297,94.611077
T7298,94.611077
T7299,94.611077
T7300,94.611077
T7301,93.946383
T7302,93.946383
T7303,93.946383
T7304,93.946383
T7305,93.946383
T7306,93.946383
T7307,93.946383
T7308,93.946383
T7309,93.946383
T7310,93.946383
T7311,93.946383
T7312,93.946383
T7313,93.946383
T7314,94.297297
T7315,94.297297
T7316,94.297297
T7317,94.297297
T7318,94.297297
T7319,94.297297
T7320,94.297297
T7321,94.297297
T7322,94.297297
T7323,94.297297
T7324,94.297297
T7325,94.297297
T7326,94.297297
T7327,94.297297
T7328,94.297297
T7329,94.297297
T7330,94.297297
T7331,94.297297
T7332,94.297297
T7333,94.297297
T7334,94.297297
T7335,94.297297
T7336,94.297297
T7337,94.297297
T7338,94.297297
T7339,94.297297
T7340,94.297297
T7341,94.297297
T7342,94.297297
T7343,94.297297
T7344,94.297297
T7345,94.297297
T7346,94.297297
T7347,94.297297
T7348,94.297297
T7349,94.297297
T7350,94.297297
T7351,94.297297
T7352,94.297297
T7353,94.297297
T7354,94.297297
T7355,94.297297
T7356,94.297297
T7357,94.297297
T7358,94.297297
T7359,94.297297
T7360,94.297297
T7361,0.000000
T7362,94.297297
T7363,94.297297
T7364,94.297297
T7365,94.297297
T7366,94.297297
T7367,94.297297
T7368,94.297297
T7369,94.297297
T7370,94.297297
T7371,94.297297
T7372,94.297297
T7373,94.297297
T7374,94.297297
T7375,94.297297
T7376,94.297297
T7377,94.297297
T7378,94.297297
T7379,94.297297
T7380,94.297297
T7381,94.297297
T7382,94.297297
T7383,94.297297
T7384,94.297297
T7385,94.297297
T7386,94.297297
T7387,94.297297
T7388,94.297297
T7389,94.297297
T7390,94.297297
T7391,94.297297
T7392,94.297297
T7393,94.297297
T7394,94.297297
T7395,94.297297
T7396,94.297297
T7397,94.297297
T7398,94.297297
T7399,94.297297
T7400,94.297297
T7401,94.297297
T7402,94.297297
T7403,94.297297
T7404,94.297297
T7405,94.297297
T7406,94.297297
T7407,94.297297
T7408,94.297297
T7409,94.297297
T7410,94.297297
T7411,94.297297
T7412,94.297297
T7413,94.297297
T7414,94.297297
T7415,94.297297
T7416,94.297297
T7417,94.297297
T7418,94.297297
T7419,94.297297
T7420,94.297297
T7421,94.297297
T7422,94.297297
T7423,94.297297
T7424,94.297297
T7425,94.297297
T7426,94.297297
T7427,94.297297
T7428,94.297297
T7429,94.297297
T7430,94.297297
T7431,94.297297
T7432,94.297297
T7433,94.297297
T7434,94.297297
T7435,94.297297
T7436,94.297297
T7437,94.297297
T7438,94.297297
T7439,94.297297
T7440,94.297297
T7441,94.297297
T7442,94.297297
T7443,94.297297
T7444,94.297297
T7445,94.297297
T7446,94.297297
T7447,94.297297
T7448,94.297297
T7449,94.297297
T7450,94.297297
T7451,94.297297
T7452,94.297297
T7453,94.297297
T7454,94.611077
T7455,94.611077
T7456,94.611077
T7457,94.611077
T7458,94.611077
T7459,94.611077
T7460,94.611077
T7461,94.611077
T7462,94.611077
T7463,94.611077
T7464,94.611077
T7465,94.611077
T7466,94.611077
T7467,94.611077
T7468,94.611077
T7469,94.611077
T7470,94.611077
T7471,0.000000
T7472,0.000000
T7473,0.000000
T7474,0.000000
T7475,0.000000
T7476,0.000000
T7477,0.000000
T7478,94.611077
T7479,94.611077
T7480,94.611077
T7481,94.611077
T7482,94.611077
T7483,94.611077
T7484,94.611077
T7485,94.611077
T7486,94.611077
T7487,94.611077
T7488,94.611077
T7489,94.611077
T7490,94.611077
T7491,94.611077
T7492,94.611077
T7493,94.611077
T7494,94.611077
T7495,0.000000
T7496,0.000000
T7497,94.611077
T7498,94.611077
T7499,94.611077
T7500,94.611077
T7501,0.000000
T7502,0.000000
T7503,0.000000
T7504,0.000000
T7505,0.000000
T7506,0.000000
T7507,0.000000
T7508,94.611077
T7509,94.611077
T7510,94.611077
T7511,94.611077
T7512,94.611077
T7513,94.611077
T7514,94.611077
T7515,94.611077
T7516,94.611077
T7517,94.611077
T7518,94.611077
T7519,0.000000
T7520,0.000000
T7521,0.000000
T7522,0.000000
T7523,0.000000
T7524,0.000000
T7525,0.000000
T7526,0.000000
T7527,0.000000
T7528,0.000000
T7529,0.000000
T7530,0.000000
T7531,0.000000
T7532,94.611077
T7533,94.611077
T7534,94.611077
T7535,94.611077
T7536,94.611077
T7537,94.611077
T7538,94.611077
T7539,94.611077
T7540,94.611077
T7541,94.611077
T7542,94.611077
T7543,0.000000
T7544,0.000000
T7545,0.000000
T7546,94.611077
T7547,0.000000
T7548,0.000000
T7549,0.000000
T7550,0.000000
T7551,0.000000
T7552,0.000000
T7553,0.000000
T7554,0.000000
T7555,0.000000
T7556,94.611077
T7557,94.611077
T7558,94.611077
T7559,94.611077
T7560,94.611077
T7561,94.611077
T7562,94.611077
T7563,94.611077
T7564,94.611077
T7565,94.611077
T7566,94.611077
T7567,0.000000
T7568,0.000000
T7569,0.000000
T7570,0.000000
T7571,0.000000
T7572,0.000000
T7573,0.000000
T7574,0.000000
T7575,0.000000
T7576,0.000000
T7577,0.000000
T7578,0.000000
T7579,94.611077
T7580,94.611077
T7581,94.611077
T7582,94.611077
T7583,94.611077
T7584,94.611077
T7585,94.611077
T7586,94.611077
T7587,94.611077
T7588,94.611077
T7589,94.611077
T7590,0.000000
T7591,0.000000
T7592,0.000000
T7593,0.000000
T7594,0.000000
T7595,0.000000
T7596,0.000000
T7597,0.000000
T7598,0.000000
T7599,0.000000
T7600,0.000000
T7601,0.000000
T7602,0.000000
T7603,0.000000
T7604,94.611077
T7605,94.611077
T7606,94.611077
T7607,94.611077
T7608,94.611077
T7609,94.611077
T7610,94.611077
T7611,94.611077
T7612,94.611077
T7613,94.611077
T7614,94.611077
T7615,94.611077
T7616,94.611077
T7617,0.000000
T7618,0.000000
T7619,0.000000
T7620,0.000000
T7621,94.611077
T7622,94.611077
T7623,94.611077
T7624,0.000000
T7625,0.000000
T7626,0.000000
T7627,0.000000
T7628,94.611077
T7629,94.611077
T7630,94.611077
T7631,94.611077
T7632,94.611077
T7633,94.611077
T7634,94.611077
T7635,94.611077
T7636,94.611077
T7637,94.611077
T7638,94.611077
T7639,94.611077
T7640,94.611077
T7641,94.611077
T7642,94.611077
T7643,94.611077
T7644,94.611077
T7645,94.611077
T7646,94.611077
T7647,94.611077
T7648,94.611077
T7649,0.000000
T7650,94.611077
T7651,94.611077
T7652,94.611077
T7653,94.611077
T7654,94.611077
T7655,94.611077
T7656,94.611077
T7657,94.611077
T7658,94.611077
T7659,94.611077
T7660,94.611077
T7661,94.611077
T7662,94.611077
T7663,94.611077
T7664,94.611077
T7665,94.611077
T7666,94.611077
T7667,94.611077
T7668,94.611077
T7669,94.611077
T7670,0.000000
T7671,0.000000
T7672,0.000000
T7673,0.000000
T7674,0.000000
T7675,94.611077
T7676,94.611077
T7677,94.611077
T7678,94.611077
T7679,94.611077
T7680,94.611077
T7681,94.611077
T7682,94.611077
T7683,94.611077
T7684,94.611077
T7685,94.611077
T7686,94.611077
T7687,94.611077
T7688,0.000000
T7689,94.611077
T7690,0.000000
T7691,94.611077
T7692,94.611077
T7693,94.611077
T7694,94.611077
T7695,94.611077
T7696,94.611077
T7697,94.611077
T7698,94.611077
T7699,94.611077
T7700,94.611077
T7701,94.611077
T7702,94.611077
T7703,94.611077
T7704,94.611077
T7705,94.611077
T7706,94.611077
T7707,94.611077
T7708,94.611077
T7709,94.611077
T7710,94.611077
T7711,94.611077
T7712,94.611077
T7713,94.611077
T7714,94.611077
T7715,94.611077
T7716,94.611077
T7717,94.611077
T7718,94.611077
T7719,94.611077
T7720,94.611077
T7721,0.000000
T7722,94.611077
T7723,94.611077
T7724,94.611077
T7725,94.611077
T7726,94.611077
T7727,94.611077
T7728,94.611077
T7729,94.611077
T7730,94.611077
T7731,94.611077
T7732,94.611077
T7733,94.611077
T7734,94.611077
T7735,94.611077
T7736,94.611077
T7737,94.611077
T7738,94.611077
T7739,94.611077
T7740,94.611077
T7741,94.611077
T7742,94.611077
T7743,94.611077
T7744,0.000000
T7745,94.611077
T7746,94.611077
T7747,94.611077
T7748,94.611077
T7749,94.611077
T7750,94.611077
T7751,94.611077
T7752,94.611077
T7753,94.611077
T7754,94.611077
T7755,94.611077
T7756,94.611077
T7757,94.611077
T7758,94.611077
T7759,94.611077
T7760,94.611077
T7761,94.611077
T7762,94.611077
T7763,94.611077
T7764,94.611077
T7765,94.611077
T7766,94.611077
T7767,0.000000
T7768,0.000000
T7769,0.000000
T7770,0.000000
T7771,94.611077
T7772,94.611077
T7773,94.611077
T7774,94.611077
T7775,94.611077
T7776,94.611077
T7777,94.611077
T7778,94.611077
T7779,94.611077
T7780,94.611077
T7781,94.611077
T7782,94.611077
T7783,94.611077
T7784,94.611077
T7785,94.611077
T7786,94.611077
T7787,94.611077
T7788,94.611077
T7789,94.611077
T7790,94.611077
T7791,94.611077
T7792,94.611077
T7793,94.611077
T7794,94.611077
T7795,94.611077
T7796,94.611077
T7797,94.611077
T7798,94.611077
T7799,94.611077
T7800,94.611077
T7801,94.611077
T7802,94.611077
T7803,94.611077
T7804,94.611077
T7805,94.611077
T7806,94.611077
T7807,94.611077
T7808,94.611077
T7809,94.611077
T7810,94.611077
T7811,94.611077
T7812,94.611077
T7813,94.611077
T7814,94.611077
T7815,94.611077
T7816,94.611077
T7817,94.611077
T7818,94.611077
T7819,94.611077
T7820,94.611077
T7821,94.611077
T7822,94.611077
T7823,94.611077
T7824,94.611077
T7825,94.611077
T7826,94.611077
T7827,94.611077
T7828,94.611077
T7829,94.611077
T7830,94.611077
T7831,0.000000
T7832,94.611077
T7833,94.611077
T7834,94.611077
T7835,94.611077
T7836,94.611077
T7837,94.611077
T7838,94.611077
T7839,94.611077
T7840,0.000000
T7841,94.611077
T7842,94.611077
T7843,94.611077
T7844,94.611077
T7845,94.611077
T7846,94.611077
T7847,94.611077
T7848,94.611077
T7849,94.611077
T7850,94.611077
T7851,94.611077
T7852,94.611077
T7853,94.611077
T7854,94.611077
T7855,94.611077
T7856,94.611077
T7857,94.611077
T7858,94.611077
T7859,94.611077
T7860,94.611077
T7861,94.611077
T7862,94.611077
T7863,94.611077
T7864,94.611077
T7865,0.000000
T7866,94.611077
T7867,94.611077
T7868,94.611077
T7869,94.611077
T7870,94.611077
T7871,94.611077
T7872,94.611077
T7873,94.611077
T7874,94.611077
T7875,94.611077
T7876,94.611077
T7877,94.611077
T7878,94.611077
T7879,0.000000
T7880,0.000000
T7881,94.611077
T7882,94.611077
T7883,94.611077
T7884,94.611077
T7885,94.611077
T7886,94.611077
T7887,94.611077
T7888,0.000000
T7889,0.000000
T7890,0.000000
T7891,94.611077
T7892,94.611077
T7893,94.611077
T7894,94.611077
T7895,94.611077
T7896,94.611077
T7897,94.611077
T7898,94.611077
T7899,94.611077
T7900,94.611077
T7901,94.611077
T7902,94.611077
T7903,0.000000
T7904,0.000000
T7905,0.000000
T7906,0.000000
T7907,0.000000
T7908,0.000000
T7909,0.000000
T7910,0.000000
T7911,0.000000
T7912,0.000000
T7913,0.000000
T7914,0.000000
T7915,0.000000
T7916,0.000000
T7917,94.611077
T7918,94.611077
T7919,94.611077
T7920,94.611077
T7921,94.611077
T7922,94.611077
T7923,94.611077
T7924,94.611077
T7925,94.611077
T7926,0.000000
T7927,0.000000
T7928,0.000000
T7929,0.000000
T7930,0.000000
T7931,0.000000
T7932,0.000000
T7933,0.000000
T7934,0.000000
T7935,0.000000
T7936,0.000000
T7937,0.000000
T7938,0.000000
T7939,0.000000
T7940,0.000000
T7941,94.611077
T7942,94.611077
T7943,94.611077
T7944,94.611077
T7945,94.611077
T7946,94.611077
T7947,94.611077
T7948,94.611077
T7949,94.611077
T7950,94.611077
T7951,94.611077
T7952,94.611077
T7953,94.611077
T7954,94.611077
T7955,94.611077
T7956,94.611077
T7957,94.611077
T7958,94.611077
T7959,94.611077
T7960,94.611077
T7961,0.000000
T7962,0.000000
T7963,0.000000
T7964,94.611077
T7965,94.611077
T7966,94.611077
T7967,94.611077
T7968,94.611077
T7969,94.611077
T7970,94.611077
T7971,94.611077
T7972,94.611077
T7973,94.611077
T7974,94.611077
T7975,94.611077
T7976,94.611077
T7977,94.611077
T7978,94.611077
T7979,94.611077
T7980,94.611077
T7981,94.611077
T7982,94.611077
T7983,94.611077
T7984,0.000000
T7985,0.000000
T7986,0.000000
T7987,0.000000
T7988,0.000000
T7989,94.611077
T7990,94.611077
T7991,94.611077
T7992,94.611077
T7993,94.611077
T7994,94.611077
T7995,94.611077
T7996,94.611077
T7997,94.611077
T7998,0.000000
T7999,0.000000
T8000,0.000000
T8001,0.000000
T8002,0.000000
T8003,0.000000
T8004,0.000000
T8005,0.000000
T8006,0.000000
T8007,0.000000
T8008,0.000000
T8009,0.000000
T8010,0.000000
T8011,94.611077
T8012,94.611077
T8013,94.611077
T8014,94.611077
T8015,94.611077
T8016,94.611077
T8017,94.611077
T8018,94.611077
T8019,94.611077
T8020,94.611077
T8021,94.611077
T8022,0.000000
T8023,0.000000
T8024,0.000000
T8025,0.000000
T8026,0.000000
T8027,0.000000
T8028,0.000000
T8029,0.000000
T8030,0.000000
T8031,0.000000
T8032,0.000000
T8033,0.000000
T8034,0.000000
T8035,0.000000
T8036,0.000000
T8037,0.000000
T8038,94.611077
T8039,94.611077
T8040,94.611077
T8041,94.611077
T8042,94.611077
T8043,94.611077
T8044,94.611077
T8045,94.611077
T8046,0.000000
T8047,0.000000
T8048,0.000000
T8049,0.000000
T8050,0.000000
T8051,0.000000
T8052,0.000000
T8053,0.000000
T8054,0.000000
T8055,0.000000
T8056,0.000000
T8057,0.000000
T8058,0.000000
T8059,0.000000
T8060,0.000000
T8061,94.611077
T8062,94.611077
T8063,94.611077
T8064,94.611077
T8065,94.611077
T8066,94.611077
T8067,94.611077
T8068,94.611077
T8069,94.611077
T8070,94.611077
T8071,0.000000
T8072,0.000000
T8073,0.000000
T8074,0.000000
T8075,0.000000
T8076,94.611077
T8077,0.000000
T8078,0.000000
T8079,94.611077
T8080,94.611077
T8081,0.000000
T8082,94.611077
T8083,94.611077
T8084,94.611077
T8085,94.611077
T8086,94.611077
T8087,94.611077
T8088,94.611077
T8089,94.611077
T8090,94.611077
T8091,94.611077
T8092,94.611077
T8093,94.611077
T8094,94.611077
T8095,94.611077
T8096,94.611077
T8097,94.611077
T8098,94.611077
T8099,94.611077
T8100,94.611077
T8101,94.611077
T8102,94.611077
T8103,94.611077
T8104,0.000000
T8105,0.000000
T8106,0.000000
T8107,94.611077
T8108,94.611077
T8109,94.611077
T8110,94.611077
T8111,94.611077
T8112,94.611077
T8113,94.611077
T8114,94.611077
T8115,94.611077
T8116,94.611077
T8117,94.611077
T8118,94.611077
T8119,94.611077
T8120,94.611077
T8121,94.611077
T8122,94.611077
T8123,94.611077
T8124,94.611077
T8125,94.611077
T8126,94.611077
T8127,94.611077
T8128,94.611077
T8129,0.000000
T8130,0.000000
T8131,94.611077
T8132,94.611077
T8133,94.611077
T8134,94.611077
T8135,94.611077
T8136,94.611077
T8137,94.611077
T8138,94.611077
T8139,94.611077
T8140,94.611077
T8141,94.611077
T8142,94.611077
T8143,94.611077
T8144,94.611077
T8145,94.611077
T8146,0.000000
T8147,0.000000
T8148,0.000000
T8149,0.000000
T8150,0.000000
T8151,0.000000
T8152,94.611077
T8153,0.000000
T8154,94.611077
T8155,94.611077
T8156,94.611077
T8157,94.611077
T8158,94.611077
T8159,94.611077
T8160,94.611077
T8161,94.611077
T8162,94.611077
T8163,94.611077
T8164,94.611077
T8165,94.611077
T8166,94.611077
T8167,94.611077
T8168,94.611077
T8169,94.611077
T8170,94.611077
T8171,94.611077
T8172,94.611077
T8173,94.611077
T8174,94.611077
T8175,94.611077
T8176,94.611077
T8177,94.611077
T8178,94.611077
T8179,94.611077
T8180,94.611077
T8181,94.611077
T8182,94.611077
T8183,94.611077
T8184,94.611077
T8185,94.611077
T8186,94.611077
T8187,94.611077
T8188,94.611077
T8189,94.611077
T8190,94.611077
T8191,0.000000
T8192,0.000000
T8193,0.000000
T8194,0.000000
T8195,0.000000
T8196,0.000000
T8197,0.000000
T8198,0.000000
T8199,0.000000
T8200,0.000000
T8201,0.000000
T8202,0.000000
T8203,0.000000
T8204,0.000000
T8205,0.000000
T8206,94.611077
T8207,94.611077
T8208,94.611077
T8209,94.611077
T8210,94.611077
T8211,94.611077
T8212,94.611077
T8213,94.611077
T8214,94.611077
T8215,0.000000
T8216,0.000000
T8217,0.000000
T8218,0.000000
T8219,0.000000
T8220,0.000000
T8221,0.000000
T8222,0.000000
T8223,0.000000
T8224,0.000000
T8225,0.000000
T8226,0.000000
T8227,0.000000
T8228,94.611077
T8229,94.611077
T8230,94.611077
T8231,94.611077
T8232,94.611077
T8233,94.611077
T8234,94.611077
T8235,94.611077
T8236,94.611077
T8237,94.611077
T8238,94.611077
T8239,0.000000
T8240,0.000000
T8241,0.000000
T8242,0.000000
T8243,0.000000
T8244,0.000000
T8245,0.000000
T8246,0.000000
T8247,0.000000
T8248,0.000000
T8249,0.000000
T8250,0.000000
T8251,0.000000
T8252,0.000000
T8253,94.611077
T8254,94.611077
T8255,94.611077
T8256,94.611077
T8257,94.611077
T8258,94.611077
T8259,94.611077
T8260,94.611077
T8261,94.611077
T8262,94.611077
T8263,94.611077
T8264,0.000000
T8265,0.000000
T8266,0.000000
T8267,0.000000
T8268,0.000000
T8269,0.000000
T8270,94.611077
T8271,0.000000
T8272,0.000000
T8273,0.000000
T8274,94.611077
T8275,94.611077
T8276,94.611077
T8277,94.611077
T8278,94.611077
T8279,94.611077
T8280,94.611077
T8281,94.611077
T8282,94.611077
T8283,94.611077
T8284,94.611077
T8285,94.611077
T8286,94.611077
T8287,94.611077
T8288,94.611077
T8289,94.611077
T8290,94.611077
T8291,94.611077
T8292,94.611077
T8293,94.611077
T8294,94.611077
T8295,94.611077
T8296,94.611077
T8297,0.000000
T8298,0.000000
T8299,0.000000
T8300,94.611077
T8301,94.611077
T8302,94.611077
T8303,94.611077
T8304,94.611077
T8305,94.611077
T8306,94.611077
T8307,94.611077
T8308,94.611077
T8309,94.611077
T8310,94.611077
T8311,94.611077
T8312,94.611077
T8313,94.611077
T8314,94.611077
T8315,94.611077
T8316,94.611077
T8317,94.611077
T8318,94.611077
T8319,0.000000
T8320,0.000000
T8321,0.000000
T8322,0.000000
T8323,0.000000
T8324,94.611077
T8325,94.611077
T8326,94.611077
T8327,94.611077
T8328,94.611077
T8329,94.611077
T8330,94.611077
T8331,94.611077
T8332,94.611077
T8333,94.611077
T8334,94.611077
T8335,0.000000
T8336,0.000000
T8337,0.000000
T8338,0.000000
T8339,0.000000
T8340,0.000000
T8341,0.000000
T8342,0.000000
T8343,0.000000
T8344,0.000000
T8345,0.000000
T8346,0.000000
T8347,94.611077
T8348,94.611077
T8349,94.611077
T8350,94.611077
T8351,94.611077
T8352,94.611077
T8353,94.611077
T8354,94.611077
T8355,94.611077
T8356,94.611077
T8357,94.611077
T8358,94.611077
T8359,94.611077
T8360,0.000000
T8361,0.000000
T8362,0.000000
T8363,0.000000
T8364,0.000000
T8365,0.000000
T8366,0.000000
T8367,0.000000
T8368,0.000000
T8369,0.000000
T8370,0.000000
T8371,0.000000
T8372,94.611077
T8373,94.611077
T8374,94.611077
T8375,94.611077
T8376,94.611077
T8377,94.611077
T8378,94.611077
T8379,94.611077
T8380,94.611077
T8381,94.611077
T8382,94.611077
T8383,0.000000
T8384,0.000000
T8385,0.000000
T8386,0.000000
T8387,0.000000
T8388,0.000000
T8389,0.000000
T8390,0.000000
T8391,0.000000
T8392,0.000000
T8393,0.000000
T8394,0.000000
T8395,94.611077
T8396,94.611077
T8397,94.611077
T8398,94.611077
T8399,94.611077
T8400,94.611077
T8401,94.611077
T8402,94.611077
T8403,94.611077
T8404,94.611077
T8405,94.611077
T8406,94.611077
T8407,94.611077
T8408,94.611077
T8409,94.611077
T8410,94.611077
T8411,94.611077
T8412,94.611077
T8413,94.611077
T8414,94.611077
T8415,94.611077
T8416,0.000000
T8417,0.000000
T8418,94.611077
T8419,94.611077
T8420,94.611077
T8421,94.611077
T8422,94.611077
T8423,94.611077
T8424,94.611077
T8425,94.611077
T8426,94.611077
T8427,94.611077
T8428,94.611077
T8429,94.611077
T8430,94.611077
T8431,94.611077
T8432,0.000000
T8433,94.611077
T8434,94.611077
T8435,94.611077
T8436,94.611077
T8437,94.611077
T8438,94.611077
T8439,94.611077
T8440,94.611077
T8441,94.611077
T8442,94.611077
T8443,94.611077
T8444,94.611077
T8445,94.611077
T8446,94.611077
T8447,94.611077
T8448,94.611077
T8449,94.611077
T8450,94.611077
T8451,94.611077
T8452,94.611077
T8453,94.611077
T8454,94.611077
T8455,94.611077
T8456,94.611077
T8457,94.611077
T8458,94.611077
T8459,94.611077
T8460,94.611077
T8461,94.611077
T8462,94.611077
T8463,94.611077
T8464,94.611077
T8465,94.611077
T8466,94.611077
T8467,94.611077
T8468,94.611077
T8469,94.611077
T8470,94.611077
T8471,94.611077
T8472,94.611077
T8473,94.611077
T8474,94.611077
T8475,94.611077
T8476,94.611077
T8477,94.611077
T8478,94.611077
T8479,94.611077
T8480,94.611077
T8481,94.611077
T8482,94.611077
T8483,94.611077
T8484,94.611077
T8485,94.611077
T8486,94.611077
T8487,94.611077
T8488,94.611077
T8489,94.611077
T8490,94.611077
T8491,94.611077
T8492,94.611077
T8493,94.611077
T8494,94.611077
T8495,94.611077
T8496,94.611077
T8497,94.611077
T8498,94.611077
T8499,94.611077
T8500,94.611077
T8501,94.611077
T8502,94.611077
T8503,94.611077
T8504,94.611077
T8505,94.611077
T8506,94.611077
T8507,94.611077
T8508,94.611077
T8509,94.611077
T8510,94.611077
T8511,94.611077
T8512,94.611077
T8513,94.611077
T8514,94.611077
T8515,94.611077
T8516,94.611077
T8517,94.611077
T8518,94.611077
T8519,94.611077
T8520,94.611077
T8521,94.611077
T8522,94.611077
T8523,94.611077
T8524,94.611077
T8525,94.611077
T8526,94.611077
T8527,94.611077
T8528,94.611077
T8529,94.611077
T8530,94.611077
T8531,94.611077
T8532,94.611077
T8533,94.611077
T8534,94.611077
T8535,94.611077
T8536,94.611077
T8537,94.611077
T8538,94.611077
T8539,94.611077
T8540,94.611077
T8541,94.611077
T8542,94.611077
T8543,94.611077
T8544,94.611077
T8545,94.611077
T8546,94.611077
T8547,94.611077
T8548,94.611077
T8549,94.611077
T8550,94.611077
T8551,94.611077
T8552,94.611077
T8553,94.611077
T8554,0.000000
T8555,0.000000
T8556,0.000000
T8557,0.000000
T8558,94.611077
T8559,94.611077
T8560,94.611077
T8561,94.611077
T8562,94.611077
T8563,94.611077
T8564,94.611077
T8565,94.611077
T8566,94.611077
T8567,94.611077
T8568,94.611077
T8569,94.611077
T8570,94.611077
T8571,94.611077
T8572,94.611077
T8573,94.611077
T8574,94.611077
T8575,94.611077
T8576,94.611077
T8577,94.611077
T8578,94.611077
T8579,94.611077
T8580,94.611077
T8581,94.611077
T8582,94.611077
T8583,94.611077
T8584,94.611077
T8585,94.611077
T8586,94.611077
T8587,94.611077
T8588,94.611077
T8589,94.611077
T8590,94.611077
T8591,94.611077
T8592,94.611077
T8593,94.611077
T8594,94.611077
T8595,94.611077
T8596,94.611077
T8597,94.611077
T8598,94.611077
T8599,94.611077
T8600,94.611077
T8601,94.611077
T8602,94.611077
T8603,94.611077
T8604,94.611077
T8605,94.611077
T8606,94.611077
T8607,94.611077
T8608,94.611077
T8609,94.611077
T8610,94.611077
T8611,94.611077
T8612,94.611077
T8613,94.611077
T8614,94.611077
T8615,94.611077
T8616,94.611077
T8617,94.611077
T8618,94.611077
T8619,94.611077
T8620,94.611077
T8621,94.611077
T8622,94.611077
T8623,94.611077
T8624,94.611077
T8625,94.611077
T8626,94.611077
T8627,94.611077
T8628,94.611077
T8629,94.611077
T8630,94.611077
T8631,94.611077
T8632,94.611077
T8633,94.611077
T8634,94.611077
T8635,94.611077
T8636,94.611077
T8637,94.611077
T8638,94.611077
T8639,94.611077
T8640,94.611077
T8641,94.611077
T8642,94.611077
T8643,94.611077
T8644,94.611077
T8645,94.611077
T8646,94.611077
T8647,94.611077
T8648,94.611077
T8649,94.611077
T8650,94.611077
T8651,94.611077
T8652,94.611077
T8653,94.611077
T8654,94.611077
T8655,94.611077
T8656,94.611077
T8657,94.611077
T8658,94.611077
T8659,94.611077
T8660,94.611077
T8661,94.611077
T8662,94.611077
T8663,94.611077
T8664,94.611077
T8665,94.611077
T8666,94.611077
T8667,94.611077
T8668,94.611077
T8669,94.611077
T8670,94.611077
T8671,94.611077
T8672,94.611077
T8673,94.611077
T8674,94.611077
T8675,94.611077
T8676,94.611077
T8677,94.611077
T8678,94.611077
T8679,94.611077
T8680,94.611077
T8681,0.000000
T8682,0.000000
T8683,0.000000
T8684,94.611077
T8685,94.611077
T8686,94.611077
T8687,94.611077
T8688,94.611077
T8689,94.611077
T8690,94.611077
T8691,94.611077
T8692,94.611077
T8693,94.611077
T8694,94.611077
T8695,94.611077
T8696,0.000000
T8697,0.000000
T8698,94.611077
T8699,0.000000
T8700,0.000000
T8701,94.611077
T8702,0.000000
T8703,0.000000
T8704,0.000000
T8705,0.000000
T8706,94.611077
T8707,94.611077
T8708,94.611077
T8709,94.611077
T8710,94.611077
T8711,94.611077
T8712,94.611077
T8713,94.611077
T8714,94.611077
T8715,94.611077
T8716,94.611077
T8717,94.611077
T8718,94.611077
T8719,94.611077
T8720,94.611077
T8721,94.611077
T8722,94.611077
T8723,94.611077
T8724,0.000000
T8725,94.611077
T8726,94.611077
T8727,0.000000
T8728,0.000000
T8729,0.000000
T8730,0.000000
T8731,94.611077
T8732,94.611077
T8733,94.611077
T8734,94.611077
T8735,94.611077
T8736,94.611077
T8737,94.611077
T8738,94.611077
T8739,94.611077
T8740,94.611077
T8741,94.611077
T8742,94.611077
T8743,94.611077
T8744,94.611077
T8745,94.611077
T8746,94.611077
T8747,94.611077
T8748,94.611077
T8749,94.611077
T8750,94.611077
T8751,0.000000
T8752,0.000000
T8753,0.000000
T8754,0.000000
T8755,0.000000
T8756,0.000000
T8757,94.611077
T8758,94.611077
T8759,94.611077
T8760,94.611077
